AS_ID	Gene_ID	chr	strand	longExonStart_0base	longExonEnd	shortES	shortEE	flankingES	flankingEE	MeanIncLevel_1	MeanIncLevel_2	pvalue	Log2FC	deltaPSI
RSPRY1_A5SS_1097	RSPRY1	chr16	+	57186283	57187050	57186283	57186451	57204503	57205008	0.267494252873563	0.0811578947368421	8.20608916942852e-07	-1.72070454878013	-0.186336358136721
PGS1_A5SS_10	PGS1	chr17	+	78419545	78419725	78419545	78419675	78424060	78424659	0.771149425287356	0.655947368421053	1.5361930811707e-06	-0.233430376376494	-0.115202056866304
TM2D2_A5SS_1166	TM2D2	chr8	-	38996212	38996522	38996418	38996522	38995317	38995794	0.16067816091954	0.393894736842105	3.27310213331565e-07	1.29363628614435	0.233216575922565
EIF1AD_A5SS_2056	EIF1AD	chr11	-	66001909	66002166	66002039	66002166	66000302	66000406	0.561402298850575	0.752947368421053	4.49633060427787e-09	0.423514051506589	0.191545069570478
EIF1AD_A5SS_2060	EIF1AD	chr11	-	66001909	66002166	66002039	66002166	66000302	66000481	0.454310344827586	0.591263157894737	4.61688762493234e-08	0.380122227850658	0.136952813067151
ABCG1_A5SS_2168	ABCG1	chr21	+	42287888	42288073	42287888	42288037	42288210	42288312	0.786724137931034	0.632578947368421	1.5290889358666e-05	-0.31461230558929	-0.154145190562613
MRPL11_A5SS_2995	MRPL11	chr11	-	66438709	66438848	66438781	66438848	66438163	66438259	0.577022988505747	0.810947368421053	1.08025917410348e-06	0.490979487864309	0.233924379915306
MZF1_A5SS_3341	MZF1	chr19	-	58573054	58573575	58573372	58573575	58570993	58571429	0.563816091954023	0.735947368421053	1.13144182442259e-05	0.384377940384677	0.17213127646703
CASP8_A5SS_358	CASP8	chr2	+	201276826	201277104	201276826	201276968	201284815	201285317	0.799965517241379	0.562368421052632	1.36539653112415e-05	-0.508422229199829	-0.237597096188748
PPP4R3A_A5SS_4105	PPP4R3A	chr14	-	91475810	91475966	91475849	91475966	91473238	91473370	0.794954022988506	0.576842105263158	5.49393425276179e-07	-0.462694948377984	-0.218111917725348
PDHX_A5SS_4444	PDHX	chr11	+	34916129	34916815	34916129	34916486	34931403	34931484	0.618632183908046	0.788105263157895	1.06798807170945e-05	0.34930644530868	0.169473079249849
AGER_A5SS_4555	AGER	chr6	-	32183275	32183388	32183323	32183388	32183113	32183201	0.379954022988506	0.198842105263158	9.62972104292862e-08	-0.934201570071547	-0.181111917725348
ACTL6A_A5SS_564	ACTL6A	chr3	+	179562879	179563117	179562879	179562973	179569823	179569900	0.197	0.336631578947368	1.01386426240084e-06	0.772974890580371	0.139631578947368
TRIM5_A5SS_727	TRIM5	chr11	-	5684867	5685109	5685015	5685109	5679760	5680238	0.32583908045977	0.427	6.47956902615037e-09	0.390076421770395	0.10116091954023
RBBP5_A5SS_2455	RBBP5	chr1	-	205094872	205095064	205094986	205095064	205086141	205088815	0.525586206896552	0.639947368421053	1.47398645647444e-06	0.284025842435585	0.114361161524501
SSBP1_A5SS_2696	SSBP1	chr7	+	141738320	141738593	141738320	141738575	141739123	141739190	0.39632183908046	0.258736842105263	6.94205122658302e-07	-0.615186971198656	-0.137584996975197
ZNRD1_A5SS_1495	ZNRD1	chr6	+	30061239	30061398	30061239	30061389	30061514	30061669	0.586034482758621	0.728842105263158	1.4182452160763e-05	0.314620749621591	0.142807622504537
ATAD2B_A5SS_288	ATAD2B	chr2	-	23786026	23786223	23786041	23786223	23782868	23783028	0.508183908045977	0.668368421052632	4.83770046820685e-06	0.395292878526878	0.160184513006655
ZCCHC9_A5SS_2784	ZCCHC9	chr5	+	81301582	81301698	81301582	81301670	81304740	81305141	0.361471264367816	0.470105263157895	1.08851167527834e-05	0.379102869803522	0.108633998790079
PAXBP1_A5SS_107	PAXBP1	chr21	-	32755212	32755353	32755229	32755353	32751118	32751218	0.818494252873563	0.710578947368421	1.98214096232895e-05	-0.203977340781317	-0.107915305505142
EIF1AD_A5SS_2057	EIF1AD	chr11	-	66001909	66002166	66002039	66002166	66000302	66000505	0.608229885057471	0.755	2.01991657289305e-05	0.311859940260759	0.146770114942529
POMT1_A5SS_4321	POMT1	chr9	+	131509902	131510062	131509902	131509996	131510259	131510415	0.783551724137931	0.598947368421053	5.66022812863587e-06	-0.387599279642756	-0.184604355716878
HELQ_A5SS_3175	HELQ	chr4	-	83455268	83455883	83455507	83455883	83451865	83453945	0.634494252873563	0.757894736842105	7.88555225501288e-07	0.256390391526294	0.123400483968542
SLFN11_A5SS_935	SLFN11	chr17	-	35373473	35373701	35373581	35373701	35362738	35363826	0.643781609195402	0.82878947368421	2.27911361007718e-05	0.364434315544133	0.185007864488808
TMEM230_A5SS_1917	TMEM230	chr20	-	5112742	5113087	5112960	5113087	5109331	5109445	0.187609195402299	0.056	6.10514586029584e-06	-1.74423180898288	-0.131609195402299
LRSAM1_A5SS_4464	LRSAM1	chr9	+	127451485	127452084	127451485	127451669	127454495	127454599	0.858206896551724	0.966684210526316	1.96150544007881e-05	0.17171918274982	0.108477313974592
SIKE1_A5SS_2233	SIKE1	chr1	-	114780386	114780687	114780448	114780687	114780109	114780215	0.404655172413793	0.189894736842105	4.24413079521041e-07	-1.09149311647116	-0.214760435571688
SNX14_A5SS_3008	SNX14	chr6	-	85593578	85594156	85593833	85594156	85574257	85574378	0.593689655172414	0.712263157894737	1.81055422255924e-06	0.262701393336071	0.118573502722323
CCDC66_A5SS_58	CCDC66	chr3	+	56566593	56566759	56566593	56566740	56566949	56567053	0.341540229885057	0.511263157894737	9.62900814893359e-08	0.582010544817684	0.169722928009679
TCF4_A5SS_3772	TCF4	chr18	-	55232508	55232671	55232520	55232671	55228846	55229076	0.46	0.596842105263158	1.97985072403798e-05	0.37571545544163	0.136842105263158
OCIAD1_A5SS_1573	OCIAD1	chr4	+	48851805	48852020	48851805	48851975	48860724	48861817	0.801885057471264	0.599578947368421	6.37065825684809e-07	-0.419445727260684	-0.202306110102843
ZNF641_A5SS_881	ZNF641	chr12	-	48347148	48347343	48347251	48347343	48344598	48344712	0.409942528735632	0.523421052631579	1.08895636991924e-05	0.352550285015469	0.113478523895947
ZNF559_A5SS_1871	ZNF559	chr19	+	9337795	9338017	9337795	9337858	9338493	9338582	0.189988505747126	0.308	2.65756747624286e-05	0.697018212380973	0.118011494252874
ANAPC16_A5SS_3412	ANAPC16	chr10	+	72215999	72216138	72215999	72216072	72223887	72224056	0.41051724137931	0.541526315789474	1.32782015371154e-05	0.399588632894868	0.131009074410163
FASTKD2_A5SS_3842	FASTKD2	chr2	+	206765387	206765747	206765387	206765654	206766643	206767470	0.562919540229885	0.400842105263158	1.54557351324437e-07	-0.48989466824306	-0.162077434966727
DKC1_A5SS_620	DKC1	chrX	+	154768301	154768802	154768301	154768432	154769166	154769310	0.570264367816092	0.373684210526316	2.3602274131358e-06	-0.609811284649304	-0.196580157289776
SSFA2_A5SS_932	SSFA2	chr2	+	181915215	181917005	181915215	181916427	181918597	181918675	0.389632183908046	0.274315789473684	3.74297346239121e-06	-0.506275184675258	-0.115316394434362
