KRCC1_A3SS_1117	KRCC1	chr2	-	88034133	88034292	88034133	88034231	88036942	88037051	0.59880459770115	0.772947368421053	1.69022741306939e-07	0.368284882773767	0.174142770719903
ZFYVE27_A3SS_1179	ZFYVE27	chr10	+	97751375	97751462	97751390	97751462	97750330	97750470	0.534885057471264	0.401684210526316	1.53656512286652e-06	-0.413167148385707	-0.133200846944949
TPT1_A3SS_1212	TPT1	chr13	-	45333470	45337553	45333470	45337388	45339496	45339602	0.830402298850575	0.955105263157895	1.11111434707684e-08	0.201849305254955	0.12470296430732
RPLP0_A3SS_1310	RPLP0	chr12	-	120200729	120200891	120200729	120200831	120201082	120201211	0.0241724137931034	0.148526315789474	4.78339512694119e-07	2.61928512027063	0.12435390199637
TM2D2_A3SS_1356	TM2D2	chr8	-	38995317	38995794	38995317	38995405	38996212	38996522	0.912011494252874	0.685684210526316	5.38480728327593e-06	-0.411507705884706	-0.226327283726558
DERL1_A3SS_1466	DERL1	chr8	-	123019194	123019305	123019194	123019245	123021446	123021499	0.748034482758621	0.898315789473684	1.88656676399281e-06	0.264117915241278	0.150281306715063
BTN2A2_A3SS_1549	BTN2A2	chr6	+	26392221	26394872	26392374	26394872	26390802	26390829	0.587885057471264	0.415789473684211	8.94966082757954e-07	-0.499680874024925	-0.172095583787054
GCH1_A3SS_1612	GCH1	chr14	-	54842005	54844143	54842005	54843054	54845767	54845852	0.549057471264368	0.767736842105263	2.5088667233677e-06	0.483654713962348	0.218679370840895
HSD17B7_A3SS_182	HSD17B7	chr1	+	162797801	162798143	162797827	162798143	162796584	162796677	0.389080459770115	0.620263157894737	4.83657108542295e-08	0.672811907192951	0.231182698124622
VNN3_A3SS_1963	VNN3	chr6	-	132728740	132728979	132728740	132728933	132734252	132734383	0.500689655172414	0.623894736842105	2.17479571839343e-06	0.317385990968485	0.123205081669691
APRT_A3SS_1998	APRT	chr16	-	88809468	88809840	88809468	88809706	88810069	88810148	0.537045977011494	0.678894736842105	2.28345085713791e-08	0.338142296841755	0.141848759830611
TUG1_A3SS_2038	TUG1	chr22	+	30972854	30973601	30972923	30973601	30969210	30971779	0.371908045977011	0.546052631578947	4.62390213060697e-07	0.554094052779579	0.174144585601936
TRIP12_A3SS_2079	TRIP12	chr2	-	229805729	229805883	229805729	229805802	229807707	229807864	0.534402298850575	0.745	2.39680404582129e-08	0.479314211675277	0.210597701149425
FAM111A_A3SS_2439	FAM111A	chr11	+	59148796	59148953	59148835	59148953	59145826	59145856	0.39364367816092	0.526210526315789	2.5546862123551e-06	0.418749799449553	0.13256684815487
ILF3_A3SS_256	ILF3	chr19	+	10683124	10683262	10683136	10683262	10682536	10682704	0.695873563218391	0.578105263157895	6.9442869280902e-07	-0.267492992409177	-0.117768300060496
CIB1_A3SS_2713	CIB1	chr15	-	90232218	90232447	90232218	90232327	90233668	90233703	0.245793103448276	0.122894736842105	4.11060067280386e-08	-1.00002130524091	-0.122898366606171
FAM133B_A3SS_2740	FAM133B	chr7	-	92577654	92577717	92577654	92577676	92578149	92578182	0.673977011494253	0.887947368421053	1.52690639907073e-05	0.397774782062107	0.2139703569268
ELF2_A3SS_2875	ELF2	chr4	-	139071865	139072039	139071865	139072003	139073453	139073567	0.189793103448276	0.414631578947368	6.51310906968553e-07	1.12740242859593	0.224838475499093
AGTPBP1_A3SS_3330	AGTPBP1	chr9	-	85655142	85655320	85655142	85655200	85657434	85657643	0.518540229885057	0.647368421052632	5.33630190385482e-06	0.320131069965787	0.128828191167574
CDC7_A3SS_3593	CDC7	chr1	+	91501653	91501831	91501687	91501831	91500846	91500948	0.547344827586207	0.806842105263158	3.84534755242407e-07	0.559836355101631	0.259497277676951
PLSCR3_A3SS_3598	PLSCR3	chr17	-	7394103	7394267	7394103	7394159	7394476	7394843	0.593091954022989	0.759052631578947	1.02894117116297e-05	0.355944123337035	0.165960677555959
LONRF3_A3SS_377	LONRF3	chrX	+	119012879	119013201	119013038	119013201	119011814	119011973	0.657425287356322	0.410789473684211	8.65784756554581e-06	-0.678427735989894	-0.246635813672111
EPB41_A3SS_4093	EPB41	chr1	+	28987430	28987905	28987447	28987905	28887090	28887210	0.23316091954023	0.121105263157895	9.72776666779438e-07	-0.945064431464403	-0.112055656382335
EIF2AK2_A3SS_4107	EIF2AK2	chr2	-	37148856	37149257	37148856	37149023	37156907	37157047	0.476873563218391	0.180368421052632	1.41567086449246e-06	-1.40266003192898	-0.296505142165759
ILK_A3SS_437	ILK	chr11	+	6604179	6604360	6604225	6604360	6603707	6603822	0.711620689655172	0.592263157894737	7.4288435875318e-06	-0.264870110956493	-0.119357531760436
LAIR1_A3SS_5037	LAIR1	chr19	-	54364294	54364486	54364294	54364330	54364770	54365114	0.517735632183908	0.287263157894737	7.09539510844674e-07	-0.849842636340433	-0.230472474289171
TCF7_A3SS_5084	TCF7	chr5	+	134145740	134148229	134146223	134148229	134143591	134143640	0.406471264367816	0.255421052631579	8.76401858921768e-07	-0.670275922514774	-0.151050211736237
TCF7_A3SS_5085	TCF7	chr5	+	134145740	134148229	134146200	134148229	134143591	134143640	0.676379310344828	0.477789473684211	2.88787511179309e-06	-0.501457460342578	-0.198589836660617
PSMA3-AS1_A3SS_5097	PSMA3-AS1	chr14	-	58273978	58274135	58273978	58274010	58291634	58291707	0.49235632183908	0.30921052631579	3.74423616792256e-06	-0.671113349291639	-0.183145795523291
TMX2_A3SS_53	TMX2	chr11	+	57737835	57738026	57737912	57738026	57737607	57737668	0.488770114942529	0.322315789473684	6.36301498590485e-06	-0.60068121231894	-0.166454325468845
DMTF1_A3SS_540	DMTF1	chr7	+	87182016	87182337	87182055	87182337	87181308	87181341	0.244137931034483	0.344263157894737	3.06348244142624e-06	0.495815335807687	0.100125226860254
MED11_A3SS_758	MED11	chr17	+	4732938	4733610	4733049	4733610	4731775	4731906	0.705689655172414	0.437368421052632	3.59377744704599e-09	-0.690184802988754	-0.268321234119782
ANKRD42_A3SS_4450	ANKRD42	chr11	+	83212652	83215200	83212978	83215200	83211294	83211430	0.708655172413793	0.85478947368421	1.13115408404877e-05	0.270485351036499	0.146134301270417
IDNK_A3SS_1443	IDNK	chr9	+	83628006	83628211	83628180	83628211	83623048	83623221	0.802022988505747	0.584105263157895	1.36429955100284e-05	-0.457415205025331	-0.217917725347852
PSMB8-AS1_A3SS_1818	PSMB8-AS1	chr6	+	32845329	32846500	32845417	32846500	32844085	32844274	0.382333333333333	0.542947368421053	3.7732682648765e-09	0.50598136905096	0.160614035087719
PTPN7_A3SS_4598	PTPN7	chr1	-	202158117	202158301	202158117	202158248	202159280	202159454	0.686137931034483	0.852315789473684	1.52803141566152e-05	0.312889435316735	0.166177858439202
CPSF4_A3SS_5067	CPSF4	chr7	+	99453965	99454136	99454040	99454136	99452367	99452440	0.797241379310345	0.678	2.60932292325703e-06	-0.233731319124125	-0.119241379310345
CDV3_A3SS_4877	CDV3	chr3	+	133587161	133590274	133587895	133590274	133586562	133586722	0.379045977011494	0.508421052631579	3.19904338876287e-07	0.423650917402753	0.129375075620085
MEF2C_A3SS_1167	MEF2C	chr5	-	88718240	88722925	88718240	88722829	88728492	88728628	0.717563218390805	0.568473684210526	8.33757203582374e-06	-0.336012375564564	-0.149089534180278
CDV3_A3SS_4874	CDV3	chr3	+	133587158	133590274	133587895	133590274	133586562	133586722	0.467574712643678	0.607	7.32493681690252e-08	0.376499608275315	0.139425287356322
NCOA3_A3SS_498	NCOA3	chr20	+	47634017	47634195	47634047	47634195	47627921	47628023	0.601172413793103	0.885052631578947	4.95695683968236e-06	0.55798444141806	0.283880217785844
SRSF10_A3SS_110	SRSF10	chr1	-	23964346	23971439	23964346	23967723	23971572	23971626	0.721505747126437	0.621052631578947	4.38365399226544e-06	-0.216295350576163	-0.100453115547489
CD14_A3SS_3504	CD14	chr5	-	140633068	140633292	140633068	140633192	140633530	140633701	0.698770114942529	0.565578947368421	2.0470399686019e-06	-0.305089488785655	-0.133191167574108
