AS_ID	Gene_ID	chr	strand	longExonStart_0base	longExonEnd	shortES	shortEE	flankingES	flankingEE	MeanIncLevel_1	MeanIncLevel_2	pvalue	Log2FC	deltaPSI
RSPRY1_A5SS_1097	RSPRY1	chr16	+	57186283	57187050	57186283	57186451	57204503	57205008	0.267494252873563	0.138022222222222	3.24695347753838e-06	-0.954607329134546	-0.129472030651341
TM2D2_A5SS_1166	TM2D2	chr8	-	38996212	38996522	38996418	38996522	38995317	38995794	0.16067816091954	0.263933333333333	1.27724615639457e-05	0.71599971276873	0.103255172413793
PQBP1_A5SS_1210	PQBP1	chrX	+	48897911	48898082	48897911	48898014	48898491	48898576	0.547252873563218	0.650177777777778	1.52966826082568e-12	0.248626622594549	0.102924904214559
UBE2D3_A5SS_1818	UBE2D3	chr4	-	102827426	102827948	102827591	102827948	102826484	102826636	0.80732183908046	0.615133333333333	2.26531877062999e-12	-0.39224476299558	-0.192188505747126
EIF1AD_A5SS_2056	EIF1AD	chr11	-	66001909	66002166	66002039	66002166	66000302	66000406	0.561402298850575	0.677933333333333	4.13837030703972e-08	0.272108437004655	0.116531034482759
EIF1AD_A5SS_2060	EIF1AD	chr11	-	66001909	66002166	66002039	66002166	66000302	66000481	0.454310344827586	0.556466666666667	9.00691727967779e-08	0.292617113672147	0.10215632183908
ACAD9_A5SS_284	ACAD9	chr3	+	128879489	128880017	128879489	128879841	128884652	128884746	0.403149425287356	0.284977777777778	3.60769561484665e-06	-0.500465241415758	-0.118171647509579
MRPL11_A5SS_2995	MRPL11	chr11	-	66438709	66438848	66438781	66438848	66438163	66438259	0.577022988505747	0.749088888888889	9.75219065654895e-08	0.376508126129147	0.172065900383142
MZF1_A5SS_3341	MZF1	chr19	-	58573054	58573575	58573372	58573575	58570993	58571429	0.563816091954023	0.702844444444444	8.51452813893315e-07	0.317980768550647	0.139028352490422
NPL_A5SS_3499	NPL	chr1	+	182806144	182806531	182806144	182806232	182812155	182812213	0.127885057471264	0.263266666666667	6.85088352315806e-15	1.04167716244695	0.135381609195402
CASP8_A5SS_358	CASP8	chr2	+	201276826	201277104	201276826	201276968	201284815	201285317	0.799965517241379	0.695777777777778	4.09644674835083e-06	-0.201311211607059	-0.104187739463601
CPNE1_A5SS_3605	CPNE1	chr20	-	35664759	35664956	35664801	35664956	35632794	35632923	0.89935632183908	0.768311111111111	5.97978010792269e-11	-0.227202202066281	-0.131045210727969
NDUFB8_A5SS_3910	NDUFB8	chr10	-	100529766	100529923	100529857	100529923	100529379	100529506	0.751137931034483	0.875422222222222	3.40348405363723e-06	0.220901153301591	0.124284291187739
PPP4R3A_A5SS_4105	PPP4R3A	chr14	-	91475810	91475966	91475849	91475966	91473238	91473370	0.794954022988506	0.681422222222222	2.36594048993318e-07	-0.222322426311444	-0.113531800766283
MORF4L1_A5SS_4280	MORF4L1	chr15	+	78872988	78873218	78872988	78873118	78878212	78878259	0.200310344827586	0.358155555555556	9.46996410656256e-06	0.838349391072918	0.157845210727969
PDHX_A5SS_4444	PDHX	chr11	+	34916129	34916815	34916129	34916486	34931403	34931484	0.618632183908046	0.820688888888889	2.93273739496554e-12	0.407753530542328	0.202056704980843
PICK1_A5SS_4508	PICK1	chr22	+	38057254	38057489	38057254	38057436	38057752	38057850	0.274965517241379	0.163133333333333	8.68403278811583e-11	-0.753199104398887	-0.111832183908046
C6orf136_A5SS_4533	C6orf136	chr6	+	30647038	30647846	30647038	30647303	30649557	30649959	0.574850574712644	0.276066666666667	3.98407781857269e-11	-1.05817029209357	-0.298783908045977
ACTL6A_A5SS_564	ACTL6A	chr3	+	179562879	179563117	179562879	179562973	179569823	179569900	0.197	0.350822222222222	9.25128802533472e-11	0.832544505998335	0.153822222222222
TRIM5_A5SS_727	TRIM5	chr11	-	5684867	5685109	5685015	5685109	5679760	5680238	0.32583908045977	0.455488888888889	1.20689507976993e-14	0.483256213547098	0.129649808429119
GAPT_A5SS_840	GAPT	chr5	+	58493618	58493838	58493618	58493683	58494246	58496358	0.516540229885057	0.413377777777778	9.28202776517328e-15	-0.321419880455517	-0.10316245210728
ZNRD1_A5SS_1495	ZNRD1	chr6	+	30061239	30061398	30061239	30061389	30061514	30061669	0.586034482758621	0.718755555555556	1.07370302737707e-06	0.294515645640558	0.132721072796935
PIGG_A5SS_3525	PIGG	chr4	+	499199	499489	499199	499298	500395	500601	0.534551724137931	0.686755555555556	2.17017136382115e-08	0.361467123790957	0.152203831417625
ATP5J_A5SS_382	ATP5J	chr21	-	25734938	25735654	25734988	25735654	25729630	25729801	0.310494252873563	0.435133333333333	1.29304109241463e-09	0.486890973605384	0.12463908045977
ATAD2B_A5SS_288	ATAD2B	chr2	-	23786026	23786223	23786041	23786223	23782868	23783028	0.508183908045977	0.648022222222222	2.93924397069137e-07	0.350692595105769	0.139838314176245
USP8_A5SS_3633	USP8	chr15	+	50424376	50424654	50424376	50424514	50439008	50439177	0.239816091954023	0.3506	4.35147800513347e-07	0.547897527489827	0.110783908045977
PIGG_A5SS_3529	PIGG	chr4	+	499199	500047	499199	499298	500395	500601	0.12616091954023	0.2676	4.5998306570822e-07	1.08481303543001	0.14143908045977
ZCCHC9_A5SS_2784	ZCCHC9	chr5	+	81301582	81301698	81301582	81301670	81304740	81305141	0.361471264367816	0.466866666666667	1.91391087691036e-08	0.369129623955915	0.105395402298851
ELOVL7_A5SS_3782	ELOVL7	chr5	-	60771902	60772093	60771948	60772093	60767822	60767903	0.742735632183908	0.865044444444444	2.17307715718752e-06	0.219925465576731	0.122308812260536
WDR4_A5SS_2117	WDR4	chr21	-	42873550	42873691	42873602	42873691	42863439	42863596	0.318206896551724	0.536377777777778	4.41230483678817e-10	0.753284363599822	0.218170881226054
TAX1BP1_A5SS_2729	TAX1BP1	chr7	+	27816348	27816520	27816348	27816394	27827737	27827820	0.573126436781609	0.699755555555556	6.17912031786542e-06	0.287997590372122	0.126629118773946
SIKE1_A5SS_2233	SIKE1	chr1	-	114780386	114780687	114780448	114780687	114780109	114780215	0.404655172413793	0.2734	1.43741690360007e-05	-0.565679793564263	-0.131255172413793
DOK3_A5SS_305	DOK3	chr5	-	177509757	177509857	177509801	177509857	177509474	177509657	0.446459770114943	0.563622222222222	1.38996780432231e-08	0.33619831273823	0.11716245210728
CTAGE5_A5SS_1203	CTAGE5	chr14	+	39276933	39277065	39276933	39276955	39279336	39279358	0.569586206896552	0.4042	6.38851837892251e-06	-0.494844888696772	-0.165386206896552
ATXN2L_A5SS_3383	ATXN2L	chr16	+	28835932	28836176	28835932	28836122	28836727	28837237	0.258034482758621	0.381022222222222	1.45648846324995e-05	0.562311267081305	0.122987739463602
