AS_ID	Gene_ID	chr	strand	exonStart_0base	exonEnd	upstreamES	upstreamEE	downstreamES	downstreamEE	MeanIncLevel_1	MeanIncLevel_2	pvalue	Log2FC	deltaPSI
KCNAB2_SE_101399	KCNAB2	chr1	+	6041830	6041872	6040516	6040645	6072754	6072798	0.490471264367816	0.34521359223301	9.61813034271825e-23	-0.506679345147657	-0.145257672134806
GPBP1_SE_102604	GPBP1	chr5	+	57221375	57221396	57214073	57214193	57230845	57230969	0.41932183908046	0.30952427184466	7.63891970137568e-14	-0.438005425315656	-0.1097975672358
DLEU2_SE_103299	DLEU2	chr13	-	50044650	50044768	50027206	50027406	50068096	50068163	0.828206896551724	0.698757281553398	1.2234512044067e-08	-0.24519980425237	-0.129449614998326
DLEU2_SE_103305	DLEU2	chr13	-	50049583	50049662	50027206	50027406	50068096	50068163	0.911988505747126	0.807126213592233	2.08155772014111e-10	-0.176221350282952	-0.104862292154893
PGAP2_SE_10504	PGAP2	chr11	+	3811249	3811424	3808293	3808315	3824269	3824364	0.57783908045977	0.723970873786408	2.37604335369609e-12	0.325263877459339	0.146131793326638
PGAP2_SE_10515	PGAP2	chr11	+	3823882	3824135	3808293	3808315	3824269	3824376	0.480310344827586	0.684961165048544	1.87939469808299e-15	0.512055313140025	0.204650820220957
ARRDC4_SE_105253	ARRDC4	chr15	+	97968013	97968116	97965894	97966042	97969122	97969379	0.861850574712644	0.720135922330097	2.47950729878767e-15	-0.25916852620517	-0.141714652382547
DCP2_SE_105354	DCP2	chr5	+	113003941	113004077	113001566	113001674	113007937	113008042	0.583149425287356	0.736339805825243	1.3859697742962e-09	0.336506089637921	0.153190380537886
IL18R1_SE_107812	IL18R1	chr2	+	102373936	102373993	102371952	102372118	102375906	102376063	0.445068965517241	0.294834951456311	4.94829891610251e-14	-0.594121345680177	-0.150234014060931
MED17_SE_110564	MED17	chr11	+	93797534	93797719	93796409	93796540	93801834	93801972	0.256942528735632	0.461592233009709	3.66426815030052e-08	0.845173245965795	0.204649704274077
NFE2_SE_110940	NFE2	chr12	-	54300146	54300276	54295134	54295304	54300800	54301037	0.290080459770115	0.176893203883495	1.3008142986598e-16	-0.713574495099819	-0.11318725588662
SPECC1L-ADORA2A_SE_111994	SPECC1L-ADORA2A	chr22	+	24433130	24433736	24369217	24369320	24440582	24442360	0.778287356321839	0.926912621359223	1.99012061479116e-11	0.252130424605884	0.148625265037384
EIF4H_SE_112452	EIF4H	chr7	+	74190246	74190306	74189821	74189918	74194740	74194878	0.482022988505747	0.331165048543689	6.79773232896877e-08	-0.541551535162141	-0.150857939962058
ARMT1_SE_114166	ARMT1	chr6	+	151454547	151454653	151452257	151452586	151458327	151458572	0.697333333333333	0.818864077669903	5.20682008002457e-08	0.231775554655605	0.12153074433657
FBXO42_SE_114877	FBXO42	chr1	-	16252287	16252404	16246839	16251785	16253095	16253152	0.773459770114942	0.878116504854369	9.86826865598676e-10	0.183086108377525	0.104656734739426
FANCD2_SE_115008	FANCD2	chr3	+	10064355	10064429	10063791	10063911	10064728	10064875	0.762885057471264	0.601864077669903	6.60030675397237e-18	-0.342027993267718	-0.161020979801361
SIN3B_SE_116473	SIN3B	chr19	+	16862883	16862979	16862351	16862559	16863679	16863796	0.593977011494253	0.438281553398058	8.57471417198979e-10	-0.438549136626351	-0.155695458096195
CPNE2_SE_117627	CPNE2	chr16	+	57137148	57137282	57134774	57134826	57146084	57146321	0.792528735632184	0.899145631067961	1.41989447138686e-13	0.182091556619516	0.106616895435777
ZNF821_SE_118092	ZNF821	chr16	-	71861775	71861942	71859679	71860672	71864137	71864242	0.371528735632184	0.587155339805825	9.13380815813949e-09	0.660268438795686	0.215626604173641
ZCCHC6_SE_118796	ZCCHC6	chr9	-	86318957	86319058	86317218	86317276	86319583	86319670	0.618528735632184	0.762621359223301	1.70020938765661e-08	0.302126316569747	0.144092623591117
NAA20_SE_11901	NAA20	chr20	+	20032507	20032653	20026783	20026919	20033101	20033629	0.729080459770115	0.842728155339806	2.61935798281491e-09	0.208989289979349	0.113647695569691
ZBTB7B_SE_120218	ZBTB7B	chr1	+	155014014	155014093	155002629	155002686	155014654	155015814	0.585298850574713	0.760495145631068	8.72803777231273e-10	0.377765593544717	0.175196295056355
ZBTB7B_SE_120220	ZBTB7B	chr1	+	155002842	155002943	155002629	155002686	155014654	155015814	0.695609195402299	0.848631067961165	4.76559051292204e-12	0.286860491887431	0.153021872558866
SNRK_SE_121571	SNRK	chr3	+	43299753	43299815	43286511	43286675	43303097	43303792	0.880701149425287	0.780116504854369	2.61114181584899e-16	-0.174962952474028	-0.100584644570918
FUBP1_SE_123193	FUBP1	chr1	-	77969021	77969084	77968164	77968203	77969924	77970015	0.265574712643678	0.162679611650485	5.78535678002376e-09	-0.707084331521863	-0.102895100993193
FCGR1B_SE_124808	FCGR1B	chr1	+	121094673	121094958	121092995	121093250	121095871	121097161	0.208080459770115	0.411019417475728	1.50244431823643e-22	0.982065059509409	0.202938957705613
RAB3GAP2_SE_12513	RAB3GAP2	chr1	-	220196249	220196398	220195297	220195377	220202275	220202374	0.801563218390805	0.930194174757282	3.15093663226251e-10	0.21471559656093	0.128630956366477
SAYSD1_SE_126283	SAYSD1	chr6	-	39109313	39113720	39104062	39105776	39114882	39115186	0.810954022988506	0.592407766990291	4.90023012454909e-13	-0.453029567453526	-0.218546255998214
MTIF3_SE_12781	MTIF3	chr13	-	27441016	27441077	27439988	27440449	27445087	27445156	0.411632183908046	0.252776699029126	8.78980534814362e-14	-0.703492303384836	-0.15885548487892
NAPB_SE_128346	NAPB	chr20	-	23397071	23397188	23394921	23394999	23402992	23403072	0.217816091954023	0.391553398058252	3.7898361916067e-11	0.846098526012932	0.173737306104229
NAPB_SE_128350	NAPB	chr20	-	23397071	23397182	23394921	23394999	23402992	23403072	0.107436781609195	0.226660194174757	1.43373531275281e-08	1.07704305577913	0.119223412565562
STIM2_SE_129813	STIM2	chr4	+	27007982	27008006	27007532	27007700	27008427	27008528	0.288770114942529	0.177834951456311	2.15531937773077e-18	-0.699382546757443	-0.110935163486218
PRKAG2_SE_129964	PRKAG2	chr7	-	151632068	151632138	151595344	151595454	151675419	151675637	0.75267816091954	0.90631067961165	1.25991450961551e-13	0.267972573001027	0.15363251869211
THAP9-AS1_SE_130172	THAP9-AS1	chr4	-	82899712	82899737	82897988	82898062	82900076	82900223	0.619781609195402	0.462902912621359	1.06735241856414e-12	-0.421050306202842	-0.156878696574043
GFM1_SE_131215	GFM1	chr3	+	158690162	158690323	158684523	158684668	158691138	158691192	0.710850574712644	0.853252427184466	6.18053842658642e-09	0.26342628516783	0.142401852471822
RAB5C_SE_132861	RAB5C	chr17	-	42131606	42131822	42130336	42130590	42154892	42155044	0.244632183908046	0.125029126213592	1.50018217388759e-07	-0.968350000208475	-0.119603057694454
TRIM33_SE_133230	TRIM33	chr1	-	114397939	114397990	114392776	114397860	114399456	114399609	0.726298850574713	0.610873786407767	2.42407234096449e-21	-0.249688963535873	-0.115425064166946
ABCG1_SE_134029	ABCG1	chr21	+	42276894	42276945	42273302	42273435	42282273	42282419	0.974022988505747	0.872961165048544	2.92906111581762e-11	-0.158038347739959	-0.101061823457203
CTNNB1_SE_134483	CTNNB1	chr3	+	41239133	41239354	41236587	41236709	41239659	41240448	0.846586206896552	0.742766990291262	5.14131474210427e-15	-0.188747282463456	-0.10381921660529
SENP5_SE_134737	SENP5	chr3	+	196923413	196923551	196903532	196903610	196927795	196927879	0.734747126436782	0.852932038834952	7.39961450094927e-08	0.215182981388181	0.11818491239817
SYNRG_SE_135269	SYNRG	chr17	-	37577379	37577613	37576340	37576418	37584647	37584759	0.590080459770115	0.793980582524272	1.75784755149748e-22	0.428192040477797	0.203900122754157
ITGB2-AS1_SE_135346	ITGB2-AS1	chr21	+	44927624	44927663	44926867	44927004	44927853	44929680	0.492080459770115	0.324427184466019	1.57962087204314e-12	-0.600999517816624	-0.167653275304096
ITGB2-AS1_SE_135358	ITGB2-AS1	chr21	+	44927624	44927667	44926867	44927004	44927853	44929680	0.800862068965517	0.671582524271845	8.30594596453292e-13	-0.253989101888974	-0.129279544693673
INSIG1_SE_140302	INSIG1	chr7	+	155302746	155302846	155298258	155298697	155308240	155310235	0.754011494252874	0.866825242718447	2.46450622223217e-07	0.201154650300815	0.112813748465573
INSIG1_SE_140304	INSIG1	chr7	+	155303824	155303895	155302746	155302846	155308240	155310235	0.42835632183908	0.297592233009709	1.68797042726406e-09	-0.525474507058331	-0.130764088829372
CYP20A1_SE_14072	CYP20A1	chr2	+	203246754	203246921	203245845	203245895	203251966	203252109	0.71551724137931	0.818922330097087	2.43539839119914e-08	0.194740096220598	0.103405088717777
ARFIP1_SE_141339	ARFIP1	chr4	+	152870752	152870848	152863605	152863714	152872451	152872564	0.52716091954023	0.643058252427185	3.0451829427534e-13	0.286706010439926	0.115897332886955
CSF2RB_SE_142581	CSF2RB	chr22	+	36936548	36936652	36935629	36935687	36937376	36940437	0.610448275862069	0.788184466019417	1.5203037919785e-12	0.368664257496084	0.177736190157349
VPS29_SE_142993	VPS29	chr12	-	110499456	110499546	110496011	110496203	110502048	110502140	0.32864367816092	0.207058252427184	1.33200639744406e-21	-0.666487530113694	-0.121585425733735
HIPK3_SE_145175	HIPK3	chr11	+	33348165	33348228	33347851	33348013	33348521	33348818	0.629229885057471	0.456495145631068	7.95108238407892e-16	-0.462987674013318	-0.172734739426403
MR1_SE_145493	MR1	chr1	+	181052234	181052510	181050145	181050286	181053572	181053677	0.199609195402299	0.320087378640777	5.08583548150043e-17	0.68128760824662	0.120478183238478
SAMD9L_SE_146077	SAMD9L	chr7	-	93146882	93147146	93145384	93146040	93148193	93148388	0.670793103448276	0.778291262135922	1.33845280139528e-08	0.214442303743145	0.107498158687646
SSX2IP_SE_147416	SSX2IP	chr1	-	84671176	84671308	84670645	84670815	84690370	84690557	0.862988505747126	0.700699029126214	1.26403885277542e-09	-0.300546446829689	-0.162289476620913
CEP162_SE_149423	CEP162	chr6	-	84226336	84226452	84221056	84221171	84227579	84227635	0.712126436781609	0.577941747572816	8.44767836366487e-14	-0.301209325240113	-0.134184689208794
DDX59_SE_152103	DDX59	chr1	-	200650424	200650676	200649073	200649226	200659026	200659116	0.762252873563218	0.883514563106796	2.35752248995206e-19	0.212984231178412	0.121261689543578
CLASP1_SE_155310	CLASP1	chr2	-	121409023	121409047	121407470	121407715	121410865	121410969	0.426862068965517	0.315388349514563	1.06368244584042e-13	-0.436640602383819	-0.111473719450954
EAF1_SE_156811	EAF1	chr3	+	15432086	15432223	15429912	15430007	15434347	15434538	0.84948275862069	0.747805825242718	2.73542592002334e-14	-0.183920956780696	-0.101676933377971
CNNM3_SE_158255	CNNM3	chr2	+	96828566	96828700	96828098	96828195	96828995	96829134	0.753390804597701	0.865708737864078	1.65836221842387e-09	0.200483296332672	0.112317933266377
MDM4_SE_159684	MDM4	chr1	+	204537429	204537497	204532190	204532246	204538208	204538308	0.593885057471264	0.476834951456311	2.52079848993146e-20	-0.316693746379572	-0.117050106014954
TBCE_SE_159877	TBCE	chr1	+	235401502	235401587	235380018	235380149	235414432	235414618	0.629390804597701	0.758495145631068	3.5629861232133e-13	0.269183846243892	0.129104341033367
STAMBPL1_SE_159934	STAMBPL1	chr10	+	88913100	88913458	88910915	88911011	88914533	88914658	0.471574712643678	0.672932038834951	3.69795195414052e-12	0.512974452217536	0.201357326191273
FLAD1_SE_160525	FLAD1	chr1	+	154983841	154984066	154983293	154983397	154988104	154988849	0.782344827586207	0.904669902912621	5.60998835127277e-18	0.209586843500609	0.122325075326414
GOLT1B_SE_161662	GOLT1B	chr12	+	21508382	21508561	21506884	21506976	21512294	21512376	0.518310344827586	0.690679611650485	1.53628946506099e-07	0.414200448588897	0.172369266822899
GIGYF2_SE_163563	GIGYF2	chr2	+	232847347	232847571	232845731	232845886	232850261	232850409	0.828183908045977	0.933	6.75837699360938e-08	0.171925910255033	0.104816091954023
SOAT1_SE_165022	SOAT1	chr1	+	179344946	179345076	179343589	179343635	179347599	179347697	0.709505747126437	0.84495145631068	6.9502251808633e-08	0.252054088421479	0.135445709184243
ADIPOR1_SE_166304	ADIPOR1	chr1	-	202954240	202954307	202950929	202951164	202958184	202958396	0.476885057471264	0.230631067961165	2.53839090250017e-11	-1.0480547092615	-0.246253989510099
ZNF160_SE_16677	ZNF160	chr19	-	53091412	53091529	53086261	53086321	53091636	53091720	0.484252873563218	0.334495145631068	3.45417584296596e-14	-0.533775335954354	-0.14975772793215
ZNF160_SE_16687	ZNF160	chr19	-	53091412	53091497	53086261	53086321	53091636	53091720	0.435540229885057	0.280961165048544	1.03898181518437e-15	-0.632435251165644	-0.154579064836514
RNF34_SE_168037	RNF34	chr12	+	121402741	121402807	121400117	121400218	121416158	121416377	0.679011494252874	0.39204854368932	5.41195954843605e-13	-0.792403695725367	-0.286962950563553
TAX1BP1_SE_169279	TAX1BP1	chr7	+	27816348	27816520	27799964	27800090	27827737	27827820	0.606770114942529	0.73168932038835	4.80684970344447e-10	0.270081170949859	0.124919205445821
TAX1BP1_SE_169291	TAX1BP1	chr7	+	27816348	27816394	27799964	27800090	27827737	27827820	0.669551724137931	0.770116504854369	8.64667209235742e-09	0.201881205499434	0.100564780716438
STK19_SE_174108	STK19	chr6	+	31972620	31972757	31972301	31972511	31978902	31979010	0.206149425287356	0.372699029126214	1.74819511757222e-07	0.854320621657453	0.166549603838857
KLHL8_SE_174178	KLHL8	chr4	-	87185250	87185799	87183202	87183389	87195323	87195690	0.382183908045977	0.599582524271845	4.47330070953935e-08	0.649691299857082	0.217398616225868
KLHL8_SE_174188	KLHL8	chr4	-	87185250	87185571	87183202	87183389	87195323	87195690	0.295206896551724	0.508135922330097	5.76247707287872e-09	0.783488032421795	0.212929025778373
HLA-DOB_SE_174619	HLA-DOB	chr6	-	32814319	32814601	32813722	32813833	32816860	32817048	0.802586206896552	0.907932038834951	4.48025010961416e-10	0.177927949506503	0.1053458319384
LST1_SE_174678	LST1	chr6	+	31587943	31587966	31587199	31587318	31588496	31588909	0.637333333333333	0.528359223300971	1.04689953627957e-11	-0.270528988166375	-0.108974110032362
LST1_SE_174679	LST1	chr6	+	31587943	31587966	31587640	31587733	31588517	31588909	0.843896551724138	0.686184466019418	2.35798312348231e-29	-0.29846969209042	-0.15771208570472
MEF2BNB-MEF2B_SE_176538	MEF2BNB-MEF2B	chr19	-	19186892	19187005	19182572	19182683	19192080	19192591	0.178471264367816	0.301407766990291	3.59401776655566e-13	0.756024789452997	0.122936502622475
TBRG1_SE_176639	TBRG1	chr11	+	124626472	124626609	124625670	124625903	124626903	124627050	0.569114942528736	0.68752427184466	2.67453217733679e-11	0.272690587274098	0.118409329315925
AKAP17A_SE_176756	AKAP17A	chrX	+	1600137	1600207	1599191	1599432	1600658	1602514	0.670988505747126	0.522019417475728	1.91348541513075e-11	-0.362184581300472	-0.148969088271398
PRMT2_SE_176965	PRMT2	chr21	+	46661799	46661936	46649574	46649739	46663382	46663554	0.402885057471264	0.573864077669903	4.08793941674801e-13	0.510340769815286	0.170979020198639
YIPF1_SE_177905	YIPF1	chr1	-	53889243	53889463	53888906	53888986	53889712	53889814	0.397459770114943	0.532883495145631	4.73971531551909e-19	0.42301130779347	0.135423725030689
KLHL12_SE_178962	KLHL12	chr1	-	202893238	202893425	202891095	202892659	202894590	202894749	0.660344827586207	0.790728155339806	3.12456585521945e-08	0.259962208594987	0.130383327753599
FGD4_SE_181369	FGD4	chr12	+	32576265	32576449	32564136	32564289	32581959	32582467	0.609379310344828	0.747796116504854	7.99834514232806e-09	0.29530446048082	0.138416806160027
PNISR_SE_181632	PNISR	chr6	-	99403828	99403882	99402539	99402710	99404602	99404702	0.922218390804598	0.798456310679612	1.30975830945704e-26	-0.207894966629879	-0.123762080124986
CTR9_SE_182100	CTR9	chr11	+	10761946	10762054	10760172	10760321	10763430	10763538	0.669586206896552	0.870233009708738	1.9221613417279e-11	0.378131932795842	0.200646802812186
RBM4_SE_183069	RBM4	chr11	+	66643449	66644140	66639699	66640123	66646026	66646473	0.630045977011494	0.744194174757282	1.07579726224219e-15	0.240221985925416	0.114148197745787
DNAJC19_SE_183460	DNAJC19	chr3	-	180986942	180987022	180985925	180985996	180988022	180988096	0.516988505747126	0.649796116504854	4.05929883970161e-10	0.329854916125851	0.132807610757728
RSRC2_SE_183518	RSRC2	chr12	-	122520503	122520581	122518838	122519029	122521384	122521428	0.633977011494253	0.48021359223301	8.88491565408739e-14	-0.40075428906438	-0.153763419261243
PROK2_SE_185104	PROK2	chr3	-	71774444	71774507	71771654	71772828	71781466	71781592	0.78616091954023	0.546378640776699	2.15399038664735e-20	-0.524923562043619	-0.239782278763531
TNIP2_SE_185594	TNIP2	chr4	-	2744696	2744945	2744386	2744506	2745445	2745535	0.660241379310345	0.779300970873786	8.17042963340341e-08	0.239187054264737	0.119059591563441
APEX2_SE_18812	APEX2	chrX	+	55002250	55002431	55001545	55001629	55002961	55003108	0.65832183908046	0.79373786407767	4.34382590508396e-09	0.269869570410523	0.13541602499721
RGL2_SE_188223	RGL2	chr6	-	33298454	33298651	33297031	33297115	33298869	33299388	0.861954022988506	0.76078640776699	7.18280036310712e-13	-0.180119446175218	-0.101167615221516
PTPRC_SE_189190	PTPRC	chr1	+	198696711	198696909	198692346	198692373	198699563	198699704	0.387770114942529	0.235019417475728	4.56073819494909e-14	-0.722421662424299	-0.152750697466801
MAP4K4_SE_189417	MAP4K4	chr2	+	101871493	101871685	101870294	101870415	101873646	101873764	0.339781609195402	0.446805825242718	4.6654376364197e-16	0.395040226882994	0.107024216047316
C11orf21_SE_190678	C11orf21	chr11	-	2300683	2300768	2300519	2300613	2301755	2301913	0.652080459770115	0.368864077669903	1.94645359976396e-13	-0.8219606915581	-0.283216382100212
CASP3_SE_193149	CASP3	chr4	-	184648464	184648631	184638400	184638468	184649394	184649475	0.106149425287356	0.231	1.2567765094164e-11	1.12179629139499	0.124850574712644
RNF146_SE_194334	RNF146	chr6	+	127280515	127280604	127280230	127280340	127286615	127288560	0.383574712643678	0.153155339805825	7.19840935250813e-15	-1.32451194529373	-0.230419372837853
RNF146_SE_194335	RNF146	chr6	+	127280515	127280604	127280230	127280340	127286049	127286177	0.608551724137931	0.410165048543689	8.92167561428339e-08	-0.569175330224409	-0.198386675594242
RNF146_SE_194339	RNF146	chr6	+	127286049	127286177	127280230	127280340	127286615	127288560	0.709068965517241	0.478961165048544	1.727336118743e-18	-0.566017269159463	-0.230107800468698
LONRF3_SE_19438	LONRF3	chrX	+	119013038	119013201	119011814	119011973	119014206	119014356	0.363022988505747	0.575019417475728	2.49209008176918e-09	0.66354976428246	0.211996428969981
FBXL4_SE_195122	FBXL4	chr6	-	98917373	98917719	98905425	98905670	98926476	98927060	0.436494252873563	0.631281553398058	2.81526047111576e-13	0.532320936246114	0.194787300524495
FBXL4_SE_195123	FBXL4	chr6	-	98917373	98917719	98905425	98905670	98927704	98927822	0.773689655172414	0.896805825242718	1.56176469850314e-07	0.213040665233018	0.123116170070305
HNRNPAB_SE_196732	HNRNPAB	chr5	+	178210131	178210272	178209329	178209447	178210552	178211183	0.640172413793103	0.749611650485437	1.07613336683764e-11	0.2276828657386	0.109439236692333
HLA-F_SE_197623	HLA-F	chr6	+	29726010	29726043	29725446	29725563	29726882	29727296	0.848793103448276	0.692029126213592	5.28183784658243e-22	-0.294580174739986	-0.156763977234684
ZNF76_SE_197893	ZNF76	chr6	+	35293750	35293915	35292880	35293044	35294455	35294569	0.514931034482759	0.648970873786408	7.91496504367074e-13	0.33377450779782	0.134039839303649
LRIF1_SE_198285	LRIF1	chr1	-	110951287	110952815	110949850	110950123	110963620	110963944	0.358770114942529	0.506699029126214	5.86586633797016e-16	0.498069343801882	0.147928914183685
CTLA4_SE_198655	CTLA4	chr2	+	203871377	203871487	203870585	203870933	203872707	203873960	0.728206896551724	0.575194174757282	6.82170830516302e-11	-0.340299338977664	-0.153012721794443
ANKZF1_SE_199441	ANKZF1	chr2	+	219230227	219230405	219229756	219229900	219232489	219232683	0.700022988505747	0.814135922330097	2.01423406026403e-09	0.21786737625285	0.11411293382435
UBXN11_SE_20014	UBXN11	chr1	-	26300925	26301024	26297961	26298062	26306591	26306704	0.772896551724138	0.603572815533981	1.74407402772803e-12	-0.356747500244173	-0.169323736190157
UBXN11_SE_20021	UBXN11	chr1	-	26303042	26303167	26297961	26298062	26306591	26306704	0.582091954022989	0.364902912621359	1.26505489227489e-13	-0.673734409617268	-0.217189041401629
UBXN11_SE_20028	UBXN11	chr1	-	26301693	26301722	26297961	26298062	26306591	26306704	0.728241379310345	0.566699029126214	5.81632277044096e-12	-0.361833987490351	-0.161542350184131
IFT20_SE_201786	IFT20	chr17	-	28332145	28332181	28331858	28331987	28335339	28335489	0.297068965517241	0.172427184466019	3.00410109676755e-09	-0.784810651930488	-0.124641781051222
IFT20_SE_201787	IFT20	chr17	-	28332145	28332382	28331858	28331987	28335339	28335489	0.370827586206897	0.231174757281553	4.1105377565266e-09	-0.68176469746591	-0.139652828925343
KTN1_SE_20228	KTN1	chr14	+	55663954	55664041	55661521	55661612	55667240	55667330	0.471609195402299	0.57921359223301	1.32048188933796e-19	0.296503609957131	0.107604396830711
MASTL_SE_203183	MASTL	chr10	+	27167101	27167274	27165388	27165539	27169943	27171083	0.67567816091954	0.818757281553398	3.35840937711559e-14	0.277099606601327	0.143079120633858
IFRD1_SE_204629	IFRD1	chr7	+	112450507	112450782	112423143	112423432	112455762	112455867	0.679942528735632	0.851747572815534	2.5342614441105e-13	0.325013121567666	0.171805044079902
IFRD1_SE_204635	IFRD1	chr7	+	112462269	112462378	112462000	112462179	112467980	112468115	0.377195402298851	0.56978640776699	3.92132123219432e-08	0.595109115780712	0.19259100546814
GPCPD1_SE_206001	GPCPD1	chr20	-	5586193	5586269	5584280	5584322	5593326	5593411	0.65	0.52978640776699	5.16870526229212e-18	-0.295028887832399	-0.12021359223301
SRRM1_SE_206340	SRRM1	chr1	+	24663182	24663224	24662659	24662804	24666814	24666925	0.851344827586207	0.74826213592233	1.16551728359907e-09	-0.186199824869906	-0.103082691663877
ZNF75D_SE_206918	ZNF75D	chrX	-	135293729	135294258	135291008	135291135	135295767	135296039	0.721586206896552	0.87626213592233	1.63617704167307e-07	0.280190758305496	0.154675929025778
EIF4G1_SE_208356	EIF4G1	chr3	+	184315488	184315545	184314501	184314674	184320629	184320722	0.16367816091954	0.391728155339806	1.41033269472842e-07	1.2589909850441	0.228049994420266
RAPGEF2_SE_210090	RAPGEF2	chr4	+	159344035	159344059	159343280	159343404	159345105	159345329	0.396011494252874	0.264077669902913	7.45355952552946e-11	-0.584579991139179	-0.131933824349961
APH1B_SE_212024	APH1B	chr15	+	63287423	63287546	63286557	63286628	63302344	63302472	0.699965517241379	0.801203883495146	3.19932611320802e-10	0.194885562432471	0.101238366253766
FIP1L1_SE_212127	FIP1L1	chr4	+	53414614	53414722	53399729	53399839	53425871	53425965	0.753908045977011	0.637485436893204	6.97344960566496e-14	-0.241996184439694	-0.116422609083808
CREBBP_SE_212564	CREBBP	chr16	-	3739577	3739724	3736649	3736815	3740398	3740549	0.644149425287356	0.786912621359223	1.54065426629656e-07	0.28880805453159	0.142763196071867
CREBBP_SE_212574	CREBBP	chr16	-	3738558	3738672	3736649	3736815	3740398	3740549	0.569724137931034	0.770135922330097	4.10414019587333e-10	0.434849560228487	0.200411784399063
PAQR3_SE_21355	PAQR3	chr4	-	78935120	78935283	78930169	78930325	78939039	78939428	0.573609195402299	0.751708737864078	3.5329336950679e-08	0.39010562207267	0.178099542461779
NIPBL_SE_214121	NIPBL	chr5	+	37058890	37059165	37057185	37057332	37060843	37061018	0.638804597701149	0.807961165048544	1.16540194511876e-10	0.33891125460453	0.169156567347394
ADGRE1_SE_21419	ADGRE1	chr19	+	6924677	6924872	6921712	6921883	6926365	6926601	0.801931034482759	0.923699029126214	2.41606030647087e-11	0.203944680495005	0.121767994643455
ARID5A_SE_215511	ARID5A	chr2	+	96549320	96549459	96547401	96547517	96549752	96549805	0.326701149425287	0.507941747572816	6.69210697834481e-15	0.636691522894069	0.181240598147528
NFYC_SE_21608	NFYC	chr1	+	40766917	40766974	40766595	40766703	40769355	40769415	0.327137931034483	0.216466019417476	4.38224759568524e-09	-0.595758476779293	-0.110671911617007
VWA9_SE_217142	VWA9	chr15	-	65607301	65607442	65605128	65605236	65611097	65611289	0.365540229885057	0.578796116504854	6.72421981147888e-09	0.663025049864104	0.213255886619797
VWA9_SE_217170	VWA9	chr15	-	65607158	65607442	65605128	65605236	65611097	65611289	0.568333333333333	0.737339805825243	1.55354528869203e-10	0.375592310596674	0.169006472491909
MX1_SE_218038	MX1	chr21	+	41427205	41427304	41426030	41426263	41427754	41427866	0.484896551724138	0.749368932038835	1.97922311656868e-16	0.627999172213365	0.264472380314697
ABCD4_SE_219304	ABCD4	chr14	-	74290026	74290118	74289482	74289519	74290290	74290499	0.640287356321839	0.749970873786408	2.20558785826727e-08	0.228115046011207	0.109683517464569
C1orf43_SE_220502	C1orf43	chr1	-	154219835	154219937	154214456	154214574	154220341	154220797	0.484425287356322	0.676485436893204	9.15753728976615e-14	0.481784700036441	0.192060149536882
EPB41L3_SE_221049	EPB41L3	chr18	-	5394676	5394793	5392380	5393478	5395066	5395147	0.754804597701149	0.861592233009709	6.71625520908472e-08	0.190902033709695	0.106787635308559
PSMD5_SE_22168	PSMD5	chr9	-	120826764	120826907	120824493	120824685	120831330	120831459	0.649597701149425	0.822621359223301	5.82765865528868e-11	0.34068200465284	0.173023658073876
PSMD5_SE_22181	PSMD5	chr9	-	120829098	120829208	120824493	120824685	120831330	120831459	0.720367816091954	0.844650485436893	1.56776130299992e-08	0.229620753428656	0.124282669344939
GNG2_SE_224402	GNG2	chr14	+	51877620	51877657	51860303	51860790	51950649	51950765	0.798551724137931	0.660485436893204	6.58890863581569e-17	-0.273859105829338	-0.138066287244727
CPEB2_SE_224462	CPEB2	chr4	+	15040463	15040487	15033160	15033211	15052413	15052584	0.748758620689655	0.546223300970874	3.5967260524463e-11	-0.455009849822157	-0.202535319718781
DNAAF2_SE_224546	DNAAF2	chr14	-	49628011	49628155	49625173	49626048	49633286	49635230	0.281620689655172	0.466533980582524	3.36720038571554e-12	0.728228837927078	0.184913290927352
LILRA2_SE_224758	LILRA2	chr19	+	54577464	54577723	54574730	54575033	54587200	54587561	0.735528735632184	0.85395145631068	4.46193295065069e-12	0.215372355011557	0.118422720678496
DEDD2_SE_224951	DEDD2	chr19	-	42216679	42217045	42215147	42215252	42217631	42217792	0.11964367816092	0.328368932038835	5.37910647866927e-16	1.45657346741785	0.208725253877915
GPR171_SE_225928	GPR171	chr3	-	151200908	151200997	151197831	151199439	151203103	151203201	0.351747126436782	0.487883495145631	9.95992288294572e-11	0.471998040882464	0.136136368708849
FOXN2_SE_226738	FOXN2	chr2	+	48328560	48328702	48314655	48314814	48346200	48346751	0.547528735632184	0.364650485436893	8.43207273205879e-10	-0.586420368164744	-0.182878250195291
BPTF_SE_227849	BPTF	chr17	+	67875555	67875744	67874816	67875020	67886127	67886316	0.679781609195402	0.810873786407767	1.71674433602131e-16	0.254406042748419	0.131092177212365
BPTF_SE_227850	BPTF	chr17	+	67875555	67875744	67874816	67875020	67891843	67892034	0.494275862068966	0.642291262135922	5.6897543799473e-12	0.377911215579133	0.148015400066957
PRPF38B_SE_228049	PRPF38B	chr1	+	108693589	108693642	108692312	108692867	108695701	108695770	0.403448275862069	0.277864077669903	3.30718321891186e-19	-0.538004389799746	-0.125584198192166
GPR155_SE_228194	GPR155	chr2	-	174482872	174482918	174481496	174481987	174486872	174487088	0.61248275862069	0.441766990291262	2.43373687488014e-10	-0.471383611170001	-0.170715768329428
VEZT_SE_229154	VEZT	chr12	+	95257149	95257239	95256549	95256622	95262905	95263081	0.70916091954023	0.832485436893204	1.73889912368641e-08	0.231312000230875	0.123324517352974
DOK1_SE_229885	DOK1	chr2	+	74555893	74556078	74555574	74555668	74556307	74557551	0.346666666666667	0.584388349514563	9.02981490212389e-14	0.753378294032678	0.237721682847896
EPSTI1_SE_232121	EPSTI1	chr13	-	42889210	42889242	42886387	42888502	42895008	42895108	0.0988390804597701	0.204990291262136	2.9907491234921e-18	1.05240208865079	0.106151210802366
REXO2_SE_234843	REXO2	chr11	+	114444540	114444652	114443855	114443933	114445978	114446087	0.786712643678161	0.894436893203884	2.38404880295252e-10	0.185142926728857	0.107724249525723
ABLIM1_SE_238442	ABLIM1	chr10	-	114447879	114448020	114445311	114445403	114451623	114451671	0.734540229885058	0.836631067961165	2.21046341197844e-07	0.187750065264016	0.102090838076108
C1D_SE_239204	C1D	chr2	-	68053060	68053137	68047172	68047319	68062944	68063027	0.377528735632184	0.275941747572816	4.99259351710842e-12	-0.452222719129577	-0.101586988059368
RIF1_SE_23988	RIF1	chr2	+	151468473	151468551	151467999	151468146	151468640	151468756	0.773344827586207	0.642058252427185	3.82755248149668e-11	-0.268407646912625	-0.131286575159022
NF2_SE_240285	NF2	chr22	+	29683019	29683064	29681438	29681601	29694751	29698600	0.346091954022988	0.204	1.96884470051787e-09	-0.762586249791816	-0.142091954022988
ASXL1_SE_242617	ASXL1	chr20	+	32429900	32430053	32429337	32429431	32431320	32431484	0.572137931034483	0.365349514563107	8.56675940751441e-10	-0.647085703463675	-0.206788416471376
B4GALT4_SE_243097	B4GALT4	chr3	-	119235144	119235227	119229846	119230244	119236852	119237070	0.461402298850575	0.283805825242718	1.07507236614424e-13	-0.70112099032721	-0.177596473607856
KDM6A_SE_243346	KDM6A	chrX	+	45060021	45060156	45059246	45059466	45060608	45060764	0.24935632183908	0.401699029126214	6.1673368244951e-09	0.687906194928124	0.152342707287133
KDM6A_SE_243347	KDM6A	chrX	+	45060021	45060156	45059246	45059466	45061323	45061419	0.446264367816092	0.628941747572816	6.94461106092808e-09	0.495027782700168	0.182677379756724
NUPL1_SE_24444	NUPL1	chr13	+	25319325	25319350	25315356	25315467	25320529	25320595	0.554114942528736	0.724252427184466	2.83245769548544e-07	0.386307342431296	0.17013748465573
WDSUB1_SE_245118	WDSUB1	chr2	-	159271701	159271795	159259809	159259843	159275545	159275638	0.569252873563218	0.73578640776699	5.64314974360842e-09	0.370217356511391	0.166533534203772
TCTN3_SE_251691	TCTN3	chr10	-	95685555	95685636	95684498	95684624	95686494	95686530	0.589689655172414	0.757291262135922	9.71808070728614e-14	0.360892397115533	0.167601606963509
BUD13_SE_25224	BUD13	chr11	-	116758268	116758407	116757765	116757950	116759073	116759179	0.662816091954023	0.798456310679612	7.68957005658879e-09	0.268604840551532	0.135640218725589
NASP_SE_252260	NASP	chr1	+	45607320	45608337	45606481	45606591	45613168	45613248	0.0250344827586207	0.127601941747573	1.27323201376798e-23	2.34966172999271	0.102567458988952
SLMAP_SE_252440	SLMAP	chr3	+	57925844	57925934	57922888	57923023	57927295	57930016	0.352816091954023	0.506349514563107	2.35767488205203e-09	0.521217204664456	0.153533422609084
ARID1B_SE_253585	ARID1B	chr6	+	157198810	157198907	157196164	157196315	157200704	157201488	0.648068965517241	0.778883495145631	4.93765220755331e-09	0.265260198625282	0.13081452962839
USP25_SE_25393	USP25	chr21	+	15849776	15849872	15842397	15842540	15866265	15866344	0.178609195402299	0.389893203883495	6.45141222459125e-08	1.12627265058591	0.211284008481196
SPATS2L_SE_25521	SPATS2L	chr2	+	200439121	200439328	200419249	200419496	200440648	200440784	0.272057471264368	0.408300970873786	1.80456135139662e-12	0.585721549712865	0.136243499609419
BAZ1A_SE_255282	BAZ1A	chr14	-	34786125	34786221	34785776	34786001	34792774	34792921	0.791114942528736	0.653300970873786	4.88104120185823e-18	-0.276139537976335	-0.137813971654949
SYCP2_SE_255534	SYCP2	chr20	-	59877384	59877555	59875270	59875469	59878007	59878045	0.710448275862069	0.816970873786408	5.079775847903e-12	0.201555027109018	0.106522597924339
ARID4B_SE_255754	ARID4B	chr1	-	235213768	235214026	235196030	235196115	235219792	235219968	0.478885057471264	0.649776699029126	7.93539105802815e-08	0.440264589369147	0.170891641557862
DCAF6_SE_256474	DCAF6	chr1	+	168015780	168015951	168004532	168004793	168038370	168038488	0.328310344827586	0.184165048543689	2.08368890419008e-07	-0.834060920993867	-0.144145296283897
PLSCR1_SE_256570	PLSCR1	chr3	-	146521543	146521705	146517005	146517167	146525604	146525647	0.60883908045977	0.758650485436893	4.1142841654106e-11	0.317374414720184	0.149811404977123
PLSCR1_SE_256583	PLSCR1	chr3	-	146528613	146528831	146525604	146525647	146533469	146533550	0.536563218390805	0.761728155339806	2.91720511835399e-16	0.505528061533585	0.225164936949001
PLSCR1_SE_256612	PLSCR1	chr3	-	146521832	146522053	146517005	146517167	146525604	146525647	0.612804597701149	0.751320388349515	8.64611223797252e-10	0.294001131326575	0.138515790648365
MTF2_SE_25685	MTF2	chr1	+	93129277	93129448	93127231	93127299	93133702	93133808	0.576241379310345	0.69547572815534	9.79667991987857e-10	0.271326903436252	0.119234348844995
FAM13B_SE_259258	FAM13B	chr5	-	138018954	138019146	138018301	138018514	138021030	138021197	0.49016091954023	0.602436893203883	2.0025218737149e-11	0.297554660362774	0.112275973663654
RNF4_SE_260855	RNF4	chr4	+	2511955	2511965	2500658	2500738	2512437	2512597	0.935103448275862	0.715941747572816	3.84047092846876e-09	-0.38528376802698	-0.219161700703046
CRBN_SE_26097	CRBN	chr3	-	3152455	3152587	3149632	3151045	3153423	3153488	0.514333333333333	0.711912621359223	3.23141051922899e-11	0.46899652266229	0.19757928802589
CRBN_SE_26122	CRBN	chr3	-	3153959	3154075	3153423	3153488	3154746	3154831	0.509643678160919	0.685718446601942	2.38125482900536e-13	0.428127406190773	0.176074768441022
TMBIM1_SE_261313	TMBIM1	chr2	-	218281939	218282181	218280025	218280126	218292465	218292557	0.754448275862069	0.885320388349515	3.42177934785953e-08	0.230777651628126	0.130872112487446
TET2_SE_261638	TET2	chr4	+	105241338	105241429	105233896	105237351	105259618	105259769	0.795057471264368	0.631271844660194	1.27746659313235e-13	-0.332797743418063	-0.163785626604174
TCEB1_SE_26368	TCEB1	chr8	-	73964486	73964625	73955910	73956054	73972076	73972287	0.323781609195402	0.630165048543689	7.62732321386066e-15	0.960708696129407	0.306383439348287
POLB_SE_265184	POLB	chr8	+	42369848	42369988	42369270	42369335	42371562	42371813	0.782827586206897	0.884417475728155	5.73129002209377e-10	0.17603293624129	0.101589889521259
TMPO_SE_265811	TMPO	chr12	+	98544950	98545061	98537474	98537572	98546358	98546447	0.861241379310345	0.757184466019417	5.81962663495768e-08	-0.185772823269379	-0.104056913290927
TMEM260_SE_266203	TMEM260	chr14	+	56617182	56617297	56615943	56616027	56618593	56618763	0.352505747126437	0.499864077669903	6.47810322634314e-12	0.503889073745043	0.147358330543466
METTL21A_SE_266919	METTL21A	chr2	-	207621805	207621917	207609114	207613443	207624228	207624404	0.773850574712644	0.903708737864078	2.79255978032792e-10	0.223802853382761	0.129858163151434
UBE3B_SE_267909	UBE3B	chr12	+	109530546	109530658	109526357	109526416	109533465	109533558	0.629666666666667	0.769533980582524	1.14900850375825e-09	0.289396737659699	0.139867313915858
CRCP_SE_268478	CRCP	chr7	+	66127703	66127740	66114817	66114970	66145442	66145500	0.717057471264368	0.84926213592233	2.82121220775207e-14	0.244121175532665	0.132204664657962
TLR4_SE_268882	TLR4	chr9	+	117708198	117708318	117704174	117704565	117712388	117717491	0.222586206896552	0.413650485436893	8.36480701238504e-26	0.894048079926728	0.191064278540341
TLR4_SE_268884	TLR4	chr9	+	117708562	117708729	117704174	117704565	117712388	117717491	0.528620689655172	0.692145631067961	6.68125156893984e-18	0.388842728753992	0.163524941412789
ZFAND6_SE_269065	ZFAND6	chr15	+	80098415	80098578	80059567	80059809	80120327	80120498	0.56616091954023	0.424378640776699	2.84518414247133e-12	-0.415860121190477	-0.141782278763531
RCBTB2_SE_26928	RCBTB2	chr13	-	48522307	48522403	48521897	48521962	48524658	48524757	0.701080459770115	0.825388349514563	1.8155008220542e-10	0.235493049430984	0.124307889744448
ZBTB8OS_SE_272611	ZBTB8OS	chr1	-	32633950	32634110	32627507	32627544	32634767	32634792	0.536735632183908	0.692339805825243	5.70211206896248e-14	0.367268630506925	0.155604173641335
CTSB_SE_27305	CTSB	chr8	-	11864375	11864463	11853328	11853479	11868000	11868137	0.253310344827586	0.137097087378641	4.12443251110898e-13	-0.885708074376894	-0.116213257448945
UTRN_SE_273420	UTRN	chr6	+	144827347	144827386	144820881	144821018	144827610	144827676	0.401770114942529	0.229844660194175	3.50085483359483e-14	-0.805711105881388	-0.171925454748354
CERS2_SE_274759	CERS2	chr1	-	150968082	150968201	150967819	150967877	150968394	150968512	0.75151724137931	0.854485436893204	1.47133101052248e-07	0.185249701104329	0.102968195513894
PCBP2_SE_277509	PCBP2	chr12	+	53464759	53464852	53462492	53462567	53467220	53467293	0.66651724137931	0.785699029126214	2.12159842658095e-12	0.237334582458846	0.119181787746903
ALG13_SE_279267	ALG13	chrX	+	111686136	111686174	111684964	111685103	111687886	111690395	0.365793103448276	0.238145631067961	2.87741585254273e-15	-0.619183793417458	-0.127647472380315
ARAP2_SE_280402	ARAP2	chr4	-	36119649	36119718	36117060	36117135	36121178	36121326	0.639655172413793	0.488660194174757	3.14795690777119e-16	-0.388462792778536	-0.150994978239036
SLTM_SE_281010	SLTM	chr15	-	58890280	58890461	58889429	58889554	58892896	58893060	0.646977011494253	0.748815533980583	1.45608289780248e-09	0.210895912535649	0.10183852248633
TRNT1_SE_281151	TRNT1	chr3	+	3146429	3146563	3144583	3144710	3147449	3147703	0.57264367816092	0.732592233009709	1.09953785603302e-08	0.355372690076567	0.159948554848789
TRNT1_SE_281167	TRNT1	chr3	+	3146429	3146623	3144583	3144710	3147449	3147703	0.681	0.81152427184466	2.54868742045448e-09	0.252979446685327	0.13052427184466
RNF41_SE_281304	RNF41	chr12	-	56212995	56213138	56210296	56210568	56213957	56214070	0.359	0.247223300970874	5.52525235706073e-08	-0.538169119370349	-0.111776699029126
DYRK4_SE_281599	DYRK4	chr12	+	4607326	4607387	4604862	4605086	4610154	4610284	0.215896551724138	0.36195145631068	2.58192572784652e-17	0.745456019987295	0.146054904586542
C14orf2_SE_28273	C14orf2	chr14	-	103920939	103921208	103913960	103913984	103921469	103921566	0.124183908045977	0.28295145631068	1.32764217515759e-10	1.18807632389932	0.158767548264703
MLH1_SE_31630	MLH1	chr3	+	37014431	37014544	37012010	37012099	37020309	37020463	0.65064367816092	0.826436893203883	3.70595929557381e-10	0.345036984651646	0.175793215042964
MLH1_SE_31659	MLH1	chr3	+	37017505	37017599	37012010	37012099	37020309	37020463	0.668344827586207	0.835310679611651	4.62035664719731e-10	0.321720240645704	0.166965852025444
SLC6A6_SE_32155	SLC6A6	chr3	+	14468087	14468212	14467852	14467956	14472204	14472317	0.772252873563218	0.64652427184466	2.24684983465099e-21	-0.256368801372953	-0.125728601718558
WNK1_SE_33096	WNK1	chr12	+	871264	871348	862082	862270	878214	878361	0.659735632183908	0.772708737864078	5.27808797169194e-09	0.228036685502014	0.11297310568017
SH2B2_SE_34136	SH2B2	chr7	+	102300521	102301279	102285061	102285258	102306720	102306822	0.13264367816092	0.354485436893204	5.09012867871161e-08	1.41817044142135	0.221841758732284
C17orf62_SE_35463	C17orf62	chr17	-	82449169	82449292	82447579	82447621	82450699	82450831	0.648919540229885	0.792087378640777	3.14744162451488e-12	0.287619980086193	0.143167838410892
IRAK4_SE_3580	IRAK4	chr12	+	43771219	43771365	43768102	43768272	43772179	43772362	0.576712643678161	0.709339805825243	2.73043114840474e-16	0.2986242572191	0.132627162147082
LRRK2_SE_37718	LRRK2	chr12	+	40367005	40367077	40364841	40365050	40367643	40369284	0.814436781609195	0.650087378640777	1.19085035563672e-16	-0.325169073211381	-0.164349402968419
ZNF384_SE_38844	ZNF384	chr12	-	6678662	6678710	6678126	6678460	6678945	6679183	0.883183908045977	0.76295145631068	4.97280229044293e-20	-0.211122619090679	-0.120232451735297
ARHGEF2_SE_4190	ARHGEF2	chr1	-	155965630	155965760	155965302	155965412	155966415	155966479	0.455459770114943	0.66921359223301	8.71765442526482e-13	0.555143118720662	0.213753822118067
FLCN_SE_42228	FLCN	chr17	-	17231793	17231882	17227888	17228161	17232787	17232901	0.870195402298851	0.711922330097087	4.00678486868656e-16	-0.2896195409636	-0.158273072201763
CD44_SE_43360	CD44	chr11	+	35208104	35208206	35189834	35190065	35211245	35211449	0.336701149425287	0.214067961165049	1.45571237167075e-11	-0.653399757680363	-0.122633188260239
GUSB_SE_44774	GUSB	chr7	-	65979726	65979911	65976014	65976202	65980223	65980409	0.612379310344828	0.815669902912621	3.87816610081419e-16	0.413559878401934	0.203290592567794
POMK_SE_45295	POMK	chr8	+	43102504	43102600	43097523	43097615	43103527	43103830	0.787	0.894194174757282	2.24811485668708e-09	0.184224511717737	0.107194174757282
YPEL5_SE_45506	YPEL5	chr2	+	30155849	30155910	30146883	30147062	30158618	30160533	0.222402298850575	0.369961165048544	5.46536493357672e-11	0.734202138006153	0.147558866197969
YPEL5_SE_45507	YPEL5	chr2	+	30155849	30155910	30148244	30148541	30156627	30156792	0.775609195402299	0.611407766990291	7.51125542770743e-09	-0.343195028177663	-0.164201428412008
YPEL5_SE_45510	YPEL5	chr2	+	30148244	30148541	30146883	30147062	30158618	30160533	0.639252873563218	0.76395145631068	1.41572939136766e-14	0.257094227479898	0.124698582747461
YPEL5_SE_45513	YPEL5	chr2	+	30148244	30148305	30146883	30147062	30158618	30160533	0.265896551724138	0.449009708737864	5.74367723303055e-16	0.75588157231331	0.183113157013726
MOB3A_SE_48806	MOB3A	chr19	-	2076810	2077013	2071035	2073424	2085174	2085328	0.534436781609195	0.695291262135922	1.49291279101161e-07	0.379598156997984	0.160854480526727
RPS5_SE_49280	RPS5	chr19	+	58393358	58393487	58388136	58388245	58394496	58394595	0.657977011494253	0.793485436893204	6.62127151203709e-15	0.270166565301399	0.135508425398951
LINC01578_SE_49942	LINC01578	chr15	+	92883584	92883778	92882842	92883186	92885514	92885584	0.732114942528736	0.615388349514563	1.35422728523357e-13	-0.250573039427369	-0.116726593014173
TRA2A_SE_5121	TRA2A	chr7	-	23522131	23522432	23521706	23521840	23531180	23531270	0.791827586206897	0.899233009708738	1.18342982322721e-13	0.183508666248656	0.107405423501841
ZCCHC10_SE_51381	ZCCHC10	chr5	-	133022840	133022906	133006758	133006920	133026496	133026604	0.608781609195402	0.421932038834951	2.54056766767364e-10	-0.528914136038036	-0.186849570360451
MRPL10_SE_5192	MRPL10	chr17	-	47829138	47829236	47828500	47828670	47831459	47831541	0.278885057471264	0.159766990291262	4.07182843556544e-11	-0.803701275955865	-0.119118067180002
SERPINB6_SE_53232	SERPINB6	chr6	-	2968778	2968913	2959167	2959342	2971532	2972165	0.352206896551724	0.240728155339806	1.02948194785071e-09	-0.54901827086723	-0.111478741211918
TP53INP1_SE_536	TP53INP1	chr8	-	94932069	94932107	94925971	94930728	94939859	94940220	0.709448275862069	0.584427184466019	1.12504497332772e-29	-0.279674218498481	-0.12502109139605
SYTL3_SE_55154	SYTL3	chr6	+	158718086	158718211	158708321	158708391	158725502	158725637	0.577218390804598	0.735631067961165	4.07898997665578e-14	0.349865144090928	0.158412677156567
SYTL3_SE_55203	SYTL3	chr6	+	158713799	158713878	158708321	158708391	158725502	158725637	0.476149425287356	0.640368932038835	1.30526695703668e-11	0.427488924787565	0.164219506751479
ATG9A_SE_55876	ATG9A	chr2	-	219228433	219228485	219227921	219228053	219229534	219229688	0.771620689655172	0.640368932038835	7.55504258956698e-14	-0.268988511082014	-0.131251757616337
ADGRG3_SE_58336	ADGRG3	chr16	+	57684389	57684483	57680504	57680617	57688351	57689378	0.605172413793103	0.825611650485437	4.43250844210862e-13	0.448117104085839	0.220439236692333
UPP1_SE_58595	UPP1	chr7	+	48103296	48103411	48094762	48094827	48106872	48107082	0.357655172413793	0.530330097087379	1.56546247434507e-12	0.568321320118797	0.172674924673586
PDK1_SE_58750	PDK1	chr2	+	172564502	172564687	172562740	172562800	172564977	172565073	0.814712643678161	0.929242718446602	1.05807456927712e-09	0.189764180342481	0.114530074768441
PDK1_SE_58753	PDK1	chr2	+	172568740	172568817	172566855	172566933	172570725	172570824	0.810724137931034	0.700330097087379	1.01823366349021e-11	-0.211176008042139	-0.110394040843656
PDK1_SE_58763	PDK1	chr2	+	172562740	172562800	172562219	172562291	172564502	172564687	0.284942528735632	0.183815533980583	7.58297640469805e-12	-0.632412273534493	-0.10112699475505
LYRM1_SE_59867	LYRM1	chr16	+	20902485	20902717	20900297	20900535	20920121	20920214	0.284459770114943	0.445	2.35330061930254e-12	0.645580703088851	0.160540229885057
NUP50_SE_6013	NUP50	chr22	+	45170987	45171177	45168167	45168246	45171599	45171683	0.334149425287356	0.232349514563107	2.39578927902118e-09	-0.524196762161934	-0.10179991072425
SERAC1_SE_60376	SERAC1	chr6	-	158130372	158130486	158128107	158128270	158143055	158143184	0.793977011494253	0.909252427184466	1.36963002163449e-09	0.195583635123213	0.115275415690213
TSSC4_SE_61248	TSSC4	chr11	+	2401838	2402147	2400487	2400798	2402293	2402450	0.672793103448276	0.418572815533981	2.35993436512884e-07	-0.684684299209467	-0.254220287914295
TMEM120A_SE_6130	TMEM120A	chr7	-	75987537	75987602	75987359	75987428	75987717	75987810	0.902701149425287	0.799485436893204	2.45245171393681e-14	-0.175176690013207	-0.103215712532084
TESK2_SE_61458	TESK2	chr1	-	45345876	45345994	45343882	45345558	45346692	45346779	0.523655172413793	0.677757281553398	5.86392449074249e-08	0.372151599955717	0.154102109139605
CCM2_SE_6206	CCM2	chr7	+	45069825	45069961	45064462	45064646	45072725	45072783	0.731850574712644	0.837553398058252	2.35371345839302e-12	0.194632055224005	0.105702823345609
CCM2_SE_6214	CCM2	chr7	+	45038252	45038426	45027633	45027797	45063917	45064001	0.461965517241379	0.629058252427184	8.6045644995825e-15	0.445408452854658	0.167092735185805
CCM2_SE_6300	CCM2	chr7	+	45068442	45068579	45064462	45064646	45072725	45072783	0.528275862068965	0.716854368932039	6.90799986686562e-15	0.440388569054199	0.188578506863073
SESTD1_SE_64691	SESTD1	chr2	-	179123714	179123829	179121769	179121929	179124363	179124558	0.748298850574713	0.577650485436893	3.10219176801021e-18	-0.373417722818286	-0.170648365137819
PIN1_SE_65746	PIN1	chr19	+	9836822	9836875	9835206	9835402	9838435	9838648	0.188827586206897	0.0840097087378641	1.77861448942923e-07	-1.16844157598751	-0.104817877469032
SEPT4_SE_66371	SEPT4	chr17	-	58526681	58526978	58526219	58526313	58539111	58539208	0.142137931034483	0.496757281553398	2.86855446551203e-15	1.80524951026423	0.354619350518915
WDFY3_SE_66580	WDFY3	chr4	-	84726860	84726911	84724425	84724594	84733381	84733609	0.557977011494253	0.422961165048544	1.09894784316872e-15	-0.399680478876253	-0.135015846445709
DNM2_SE_66729	DNM2	chr19	+	10808568	10808580	10805915	10805967	10812263	10812377	0.856850574712644	0.719145631067961	1.23906938749879e-10	-0.252759681997269	-0.137704943644683
SYTL2_SE_68262	SYTL2	chr11	-	85714412	85714507	85709330	85709500	85718789	85718843	0.713114942528736	0.819572815533981	7.71827706853351e-08	0.200737497908916	0.106457873005245
RNF24_SE_68521	RNF24	chr20	-	3974331	3974400	3963874	3964024	4015436	4015569	0.724275862068966	0.585747572815534	1.47724432028112e-13	-0.306260224475385	-0.138528289253432
CDH23_SE_68536	CDH23	chr10	+	71813243	71813348	71812767	71812890	71814951	71815947	0.220873563218391	0.431436893203884	3.17948651801525e-10	0.965928800005649	0.210563329985493
LAT2_SE_71072	LAT2	chr7	+	74214821	74214940	74209756	74210088	74215946	74216069	0.682655172413793	0.549349514563107	8.12665988720818e-09	-0.313432685969966	-0.133305657850686
LAT2_SE_71106	LAT2	chr7	+	74214821	74215010	74209756	74210088	74215946	74216069	0.740206896551724	0.615330097087379	1.68797042726406e-09	-0.266568017867186	-0.124876799464345
ABI1_SE_72443	ABI1	chr10	-	26759061	26759235	26751597	26751783	26765217	26765318	0.669896551724138	0.516543689320388	1.51416947906494e-10	-0.375047948112188	-0.15335286240375
ABI1_SE_72485	ABI1	chr10	-	26759061	26759238	26751597	26751783	26765217	26765318	0.705954022988506	0.56331067961165	9.96141421255887e-11	-0.32564340406212	-0.142643343376855
CD47_SE_72724	CD47	chr3	-	108049618	108049651	108043093	108047292	108057476	108057569	0.542701149425287	0.175747572815534	5.30324544043639e-19	-1.62665319935987	-0.366953576609753
IP6K2_SE_73756	IP6K2	chr3	-	48715314	48715527	48693450	48695421	48717156	48717278	0.259689655172414	0.450407766990291	1.81962692676213e-15	0.794443161071388	0.190718111817878
STYXL1_SE_75826	STYXL1	chr7	-	76000889	76001002	75996336	75996599	76003757	76003855	0.747344827586207	0.856291262135922	7.71326031381603e-09	0.196327542527586	0.108946434549715
CREBZF_SE_76014	CREBZF	chr11	-	85661636	85661749	85657563	85660597	85662388	85662457	0.864229885057471	0.710271844660194	3.31763097420143e-11	-0.283043822474657	-0.153958040397277
CSNK1D_SE_79098	CSNK1D	chr17	-	82245975	82246039	82242660	82244831	82248874	82249014	0.559770114942529	0.453582524271845	8.84940741031341e-20	-0.303469409357416	-0.106187590670684
RBM18_SE_79569	RBM18	chr9	-	122254273	122254367	122251846	122251973	122261379	122261508	0.346172413793103	0.230077669902913	1.3398391892651e-07	-0.589369791893243	-0.116094743890191
HERPUD1_SE_81076	HERPUD1	chr16	+	56935403	56935475	56935234	56935312	56936686	56936817	0.829758620689655	0.721592233009709	1.12730710150899e-09	-0.201507903145068	-0.108166387679946
GCH1_SE_81496	GCH1	chr14	-	54844000	54844143	54842005	54843054	54845767	54845852	0.27864367816092	0.488019417475728	1.2149372129659e-09	0.808517129280147	0.209375739314809
DPEP2_SE_83520	DPEP2	chr16	-	67992063	67992193	67991114	67991184	67999374	67999518	0.814609195402299	0.924990291262136	1.07170417305258e-13	0.183330123378432	0.110381095859837
DPEP2_SE_83561	DPEP2	chr16	-	67991837	67991979	67991114	67991184	67999374	67999518	0.835367816091954	0.941834951456311	6.37302017299832e-16	0.173062699593378	0.106467135364357
PREP_SE_85476	PREP	chr6	-	105285485	105285580	105282450	105282582	105288757	105288894	0.717540229885058	0.829543689320388	1.27352093789298e-07	0.209258244406602	0.112003459435331
AKAP2_SE_88074	AKAP2	chr9	+	110156318	110156497	110136126	110138539	110168398	110172511	0.605850574712644	0.779407766990291	7.00896192468028e-21	0.363416293079904	0.173557192277648
LRRC6_SE_88553	LRRC6	chr8	-	132578407	132578516	132571952	132572480	132583693	132583775	0.366689655172414	0.22973786407767	1.05669162449365e-12	-0.674570913142388	-0.136951791094744
PPIP5K2_SE_88868	PPIP5K2	chr5	+	103176865	103176910	103173857	103173972	103177666	103177774	0.31732183908046	0.20152427184466	1.13687595458158e-09	-0.654993206173174	-0.1157975672358
RHOC_SE_89336	RHOC	chr1	-	112705099	112705168	112703643	112703806	112707077	112707403	0.854494252873563	0.712009708737864	1.64494188692154e-13	-0.263173875251711	-0.142484544135699
SREK1_SE_91125	SREK1	chr5	+	66158808	66158932	66153462	66153596	66159218	66159334	0.734954022988506	0.548796116504854	6.82625557628777e-11	-0.421383728656438	-0.186157906483651
PPP3CC_SE_92695	PPP3CC	chr8	+	22539468	22539498	22532920	22533018	22540614	22541144	0.872252873563218	0.76878640776699	2.54538459971749e-07	-0.182163615942901	-0.103466465796228
ADNP_SE_92849	ADNP	chr20	-	50904765	50904849	50903888	50904001	50928650	50928825	0.376896551724138	0.23531067961165	7.72111056037519e-11	-0.679601796670929	-0.141585872112487
ZNF706_SE_92919	ZNF706	chr8	-	101202332	101202447	101201606	101201743	101205434	101205732	0.393873563218391	0.271873786407767	4.53263438392625e-10	-0.534795530603956	-0.121999776810624
CDC27_SE_94978	CDC27	chr17	-	47171916	47172064	47169916	47170042	47181561	47181637	0.694977011494253	0.805533980582524	3.71930141013847e-08	0.212980191708185	0.110556969088271
NEDD9_SE_94	NEDD9	chr6	-	11305065	11305159	11213280	11213727	11305991	11306155	0.404287356321839	0.172330097087379	7.73633714959822e-13	-1.23020639827807	-0.23195725923446
NIN_SE_95174	NIN	chr14	-	50756491	50758630	50754741	50754867	50759856	50760359	0.396367816091954	0.545087378640777	3.08077328115438e-20	0.459647690784447	0.148719562548823
NIN_SE_95176	NIN	chr14	-	50756491	50758630	50754741	50754867	50761789	50761911	0.402080459770115	0.609097087378641	1.98017707089982e-10	0.599187979640018	0.207016627608526
ADRM1_SE_95361	ADRM1	chr20	+	62308367	62308470	62308020	62308178	62308654	62308862	0.160436781609195	0.336805825242718	2.53733824489304e-10	1.06991215999508	0.176369043633523
GTDC1_SE_95400	GTDC1	chr2	-	143957194	143957339	143952772	143952843	143970652	143970762	0.673344827586207	0.782029126213592	4.91609262740688e-11	0.215876826151459	0.108684298627385
LRCH3_SE_97869	LRCH3	chr3	+	197858833	197858905	197854391	197854445	197865422	197865471	0.782781609195402	0.649029126213592	5.14289413913292e-10	-0.27032663852946	-0.13375248298181
CALU_SE_98111	CALU	chr7	+	128747552	128748367	128739291	128739432	128748572	128748804	0.252057471264368	0.10821359223301	1.14069499505207e-13	-1.2198709969498	-0.143843879031358
SAR1A_SE_98181	SAR1A	chr10	-	70162689	70162759	70161857	70161931	70170412	70170529	0.512816091954023	0.33426213592233	6.13079656500603e-08	-0.617461593208498	-0.178553956031693
POLK_SE_98657	POLK	chr5	+	75593877	75594049	75590343	75590440	75596221	75597178	0.447781609195402	0.655650485436893	2.55718760101694e-11	0.550131670413368	0.207868876241491
VNN3_SE_98914	VNN3	chr6	-	132728740	132728979	132724605	132724979	132734252	132734383	0.680103448275862	0.791825242718447	4.77814909047197e-15	0.219427853394383	0.111721794442584
VNN3_SE_98925	VNN3	chr6	-	132726721	132727012	132724605	132724979	132734252	132734383	0.742126436781609	0.847009708737864	9.95673667772865e-16	0.190713505252713	0.104883271956255
MASTL_SE_203197	MASTL	chr10	+	27173120	27173259	27169943	27171083	27180952	27181066	0.607793103448276	0.743	1.89109561575987e-09	0.289781905889548	0.135206896551724
SIK3_SE_210642	SIK3	chr11	-	116875865	116876009	116875373	116875451	116876252	116876363	0.628609195402299	0.73821359223301	6.08470922999485e-08	0.231874924927073	0.109604396830711
YTHDC2_SE_219396	YTHDC2	chr5	+	113524980	113525177	113515271	113515362	113532878	113533045	0.370609195402299	0.550970873786408	7.6845915177146e-15	0.572077377632263	0.180361678384109
ZBTB8OS_SE_272599	ZBTB8OS	chr1	-	32633950	32634072	32627507	32627544	32650432	32650590	0.213252873563218	0.364572815533981	1.73217955339535e-13	0.773641808599735	0.151319941970762
ZBTB8OS_SE_272612	ZBTB8OS	chr1	-	32633950	32634110	32627507	32627544	32650432	32650590	0.361666666666667	0.522398058252427	3.91568520510289e-12	0.530488897577479	0.16073139158576
TLR5_SE_276169	TLR5	chr1	-	223141647	223141763	223137177	223137263	223143195	223143282	0.432931034482759	0.578398058252427	1.71601980299159e-11	0.417925485750487	0.145467023769669
TSPAN5_SE_3216	TSPAN5	chr4	-	98486737	98486884	98482004	98482175	98507677	98507728	0.272701149425287	0.480669902912621	2.20384110462848e-09	0.817725690957316	0.207968753487334
RHOT1_SE_59484	RHOT1	chr17	+	32209349	32209445	32208106	32208309	32211115	32211238	0.536563218390805	0.675242718446602	4.09522291663131e-10	0.331658016655371	0.138679500055797
NAALADL1_SE_100477	NAALADL1	chr11	-	65046444	65046526	65046188	65046362	65047646	65047738	0.731505747126437	0.528699029126214	3.4476457408161e-10	-0.468422521607964	-0.202806718000223
C14orf159_SE_231701	C14orf159	chr14	+	91145220	91145313	91114012	91114283	91157638	91157690	0.357471264367816	0.474854368932039	2.66171455566868e-09	0.409657852985335	0.117383104564223
MOSPD1_SE_275614	MOSPD1	chrX	-	134891478	134891640	134887625	134889192	134896816	134897034	0.184712643678161	0.317233009708738	5.41795540801282e-09	0.780260275673212	0.132520366030577
EED_SE_34074	EED	chr11	+	86268455	86268561	86266082	86266216	86276979	86277138	0.560367816091954	0.670621359223301	4.45128222231979e-08	0.259124334493364	0.110253543131347
UPRT_SE_81832	UPRT	chrX	+	75294562	75294620	75293471	75293514	75296341	75296411	0.416114942528736	0.283	1.14258752962051e-07	-0.556180042883889	-0.133114942528736
ZNF195_SE_145307	ZNF195	chr11	-	3360719	3360788	3357926	3360565	3361742	3361889	0.500310344827586	0.364864077669903	8.8042377525766e-11	-0.455464164178682	-0.135446267157683
RNF146_SE_194341	RNF146	chr6	+	127285207	127285348	127280230	127280340	127286049	127286177	0.356425287356322	0.242242718446602	1.79284590848742e-08	-0.557146395140447	-0.11418256890972
ANKRD11_SE_279938	ANKRD11	chr16	-	89291680	89291777	89291012	89291183	89305205	89305344	0.385528735632184	0.223718446601942	4.29771749525341e-11	-0.785154178290747	-0.161810289030242
SMPDL3A_SE_134080	SMPDL3A	chr6	+	122806232	122806357	122804908	122805089	122809090	122809719	0.397045977011494	0.581825242718447	4.1322768308159e-08	0.55127981188024	0.184779265706952
ZBTB43_SE_180334	ZBTB43	chr9	+	126808792	126808915	126805005	126805132	126832486	126838208	0.368965517241379	0.510893203883495	2.25851666109109e-07	0.469535753254814	0.141927686642116
POLR3GL_SE_87391	POLR3GL	chr1	+	145974824	145974991	145964702	145964768	145977482	145977539	0.605954022988506	0.760776699029126	1.57388294919141e-08	0.32826472742758	0.15482267604062
HMGCR_SE_222620	HMGCR	chr5	+	75355055	75355214	75354502	75354697	75355364	75355522	0.363471264367816	0.519708737864078	1.78586585152601e-07	0.515862004449661	0.156237473496262
CLK2_SE_61349	CLK2	chr1	-	155268707	155268792	155268292	155268359	155269487	155269716	0.666632183908046	0.551669902912621	3.1354834726661e-13	-0.273085695613269	-0.114962280995425
MASTL_SE_203181	MASTL	chr10	+	27173117	27173259	27169943	27171083	27180952	27181066	0.599206896551724	0.728893203883495	8.99353466488525e-09	0.282653220420595	0.129686307331771
CNOT4_SE_223334	CNOT4	chr7	-	135363853	135364066	135361794	135363186	135393917	135394415	0.285965517241379	0.40921359223301	1.95405427128408e-09	0.517012873618402	0.12324807499163
CCDC153_SE_128662	CCDC153	chr11	-	119193765	119193885	119193150	119193243	119194922	119194994	0.484264367816092	0.711378640776699	1.32214085645791e-08	0.554822804661294	0.227114272960607
CHTOP_SE_238831	CHTOP	chr1	+	153643226	153643364	153638294	153638448	153645063	153646306	0.582252873563218	0.742019417475728	2.33986381819402e-07	0.349811085876019	0.15976654391251
IFFO1_SE_40455	IFFO1	chr12	-	6549475	6549484	6548667	6548825	6549755	6549896	0.751137931034483	0.551009708737864	1.09546133678282e-07	-0.447000114174882	-0.200128222296619
PXK_SE_46321	PXK	chr3	+	58420535	58420568	58412900	58412963	58424751	58426127	0.428632183908046	0.295796116504854	1.07026786414124e-07	-0.535137067565311	-0.132836067403192
ST3GAL6_SE_150283	ST3GAL6	chr3	+	98771120	98771190	98770878	98770956	98772812	98772916	0.436528735632184	0.327252427184466	2.88778938907965e-10	-0.415672733637144	-0.109276308447718
NCK2_SE_154804	NCK2	chr2	+	105881327	105882049	105855047	105855289	105892981	105894274	0.241862068965517	0.358980582524272	3.58209322918468e-08	0.569721279565334	0.117118513558755
BAG6_SE_206455	BAG6	chr6	-	31639499	31639646	31639027	31639226	31640198	31640306	0.396609195402299	0.537349514563107	8.34938645420622e-08	0.438142655721091	0.140740319160808
STRN3_SE_88971	STRN3	chr14	-	30918965	30919106	30913523	30913657	30935162	30935304	0.721574712643678	0.541922330097087	2.21057084186593e-07	-0.413062685593303	-0.179652382546591
CREM_SE_161024	CREM	chr10	+	35201450	35201486	35179133	35179276	35206894	35207051	0.343850574712644	0.210640776699029	1.10822587957966e-07	-0.706997010740464	-0.133209798013615
PICALM_SE_83828	PICALM	chr11	-	85990249	85990378	85983865	85983973	85996825	85996929	0.572034482758621	0.412747572815534	1.07840629192123e-07	-0.470842385276401	-0.159286909943087
PPIL3_SE_207255	PPIL3	chr2	-	200885261	200885367	200881420	200881488	200885697	200885772	0.577954022988506	0.417446601941748	2.05820516870731e-08	-0.46936306322816	-0.160507421046758
SRSF10_SE_6027	SRSF10	chr1	-	23971337	23971439	23964346	23967723	23971849	23972012	0.582758620689655	0.433834951456311	3.2830129450795e-10	-0.425752154254507	-0.148923669233344
TTPAL_SE_236546	TTPAL	chr20	+	44478623	44478647	44475885	44475991	44479984	44480444	0.61783908045977	0.384766990291262	1.78429944787652e-08	-0.683246095753142	-0.233072090168508
NDST1_SE_24990	NDST1	chr5	+	150548217	150548388	150545311	150545486	150549677	150549787	0.644448275862069	0.757456310679612	5.54593591247515e-10	0.233098106862944	0.113008034817543
SP110_SE_19325	SP110	chr2	-	230170620	230170761	230168925	230169237	230172065	230172174	0.320701149425287	0.425155339805825	1.8315703748143e-09	0.406760533217242	0.104454190380538
PICALM_SE_83769	PICALM	chr11	-	85990249	85990399	85983865	85983973	85996825	85996929	0.674459770114943	0.52478640776699	1.02473861995123e-07	-0.362002038579511	-0.149673362347952
DGUOK_SE_205771	DGUOK	chr2	+	73957124	73957240	73950584	73950732	73958145	73958245	0.58883908045977	0.688873786407767	1.3794503060606e-08	0.226366256150522	0.100034705947997
ACP2_SE_234093	ACP2	chr11	-	47244734	47244867	47243238	47243321	47245304	47245394	0.722689655172414	0.825466019417476	7.51928335669506e-08	0.191832584127211	0.102776364245062
POLL_SE_68825	POLL	chr10	-	101585861	101586156	101582762	101582891	101587245	101587406	0.631310344827586	0.77695145631068	2.61800956852239e-07	0.299475070605603	0.145641111483093
ATXN7_SE_268692	ATXN7	chr3	+	63997620	63997687	63995504	63996483	63999449	64003460	0.55335632183908	0.437466019417476	3.10333402506097e-09	-0.339037813359736	-0.115890302421605
NSUN4_SE_248985	NSUN4	chr1	+	46346920	46347075	46344800	46345144	46352867	46353028	0.559149425287356	0.69131067961165	4.28835199045567e-08	0.306100337321584	0.132161254324294
TNRC6C_SE_5716	TNRC6C	chr17	+	78097744	78097861	78093619	78093763	78098342	78098537	0.352	0.509252427184466	2.81188292005963e-07	0.532805522477138	0.157252427184466
RPL17_SE_85918	RPL17	chr18	-	49491735	49491833	49491531	49491584	49492257	49492464	0.85216091954023	0.74173786407767	2.11838504294267e-07	-0.200216473143156	-0.11042305546256
ERMP1_SE_92864	ERMP1	chr9	-	5805026	5805217	5801175	5801328	5805610	5805785	0.656827586206897	0.756854368932039	1.32914036182446e-09	0.204501008598989	0.100026782725142
SF1_SE_209684	SF1	chr11	-	64765950	64766155	64764603	64765518	64766899	64767079	0.328666666666667	0.222174757281553	4.21779331813258e-12	-0.564930233806061	-0.106491909385113
AGER_SE_275428	AGER	chr6	-	32182246	32182336	32181523	32181632	32182567	32182698	0.525862068965517	0.650941747572816	1.08212391599038e-09	0.307844005840776	0.125079678607298
ATP11C_SE_173208	ATP11C	chrX	-	139731650	139731755	139726345	139728962	139737915	139738069	0.240183908045977	0.347038834951456	1.2824423091473e-10	0.530957618917869	0.106854926905479
C11orf30_SE_98994	C11orf30	chr11	+	76459935	76460085	76458182	76458358	76463820	76464080	0.445620689655172	0.545922330097087	8.9712429736549e-13	0.292879492568804	0.100301640441915
SYNJ1_SE_266065	SYNJ1	chr21	-	32642094	32642133	32641895	32641966	32645645	32645789	0.575494252873563	0.370640776699029	1.07291521161675e-07	-0.634779910335755	-0.204853476174534
QDPR_SE_90232	QDPR	chr4	-	17492231	17492340	17490661	17490745	17501718	17501859	0.518620689655172	0.67	9.53295679831302e-10	0.369481333907707	0.151379310344828
TSEN15_SE_52985	TSEN15	chr1	+	184072156	184072298	184054727	184054863	184072826	184074210	0.418137931034483	0.561417475728155	1.11828202502627e-09	0.42509505036923	0.143279544693673
RPS3_SE_264020	RPS3	chr11	+	75401639	75401733	75399490	75399577	75404671	75404868	0.462229885057471	0.641650485436893	2.26741924572951e-07	0.473177119380188	0.179420600379422
MRS2_SE_178492	MRS2	chr6	+	24422936	24423050	24418460	24418578	24423583	24426194	0.521333333333333	0.638466019417476	8.65579357428498e-11	0.292403731718808	0.117132686084142
MLX_SE_91152	MLX	chr17	+	42568469	42568559	42567618	42567655	42568836	42568943	0.51948275862069	0.636368932038835	1.04729050542722e-07	0.29278753646216	0.116886173418145
LINC00963_SE_223570	LINC00963	chr9	+	129493477	129493595	129488659	129489299	129503322	129503672	0.442873563218391	0.590300970873786	5.64880711934558e-08	0.414555834678631	0.147427407655396
EPT1_SE_216976	EPT1	chr2	+	26375039	26375148	26373366	26373629	26389004	26395891	0.230965517241379	0.487854368932039	1.29547865018515e-07	1.0787730724439	0.25688885169066
PATL1_SE_35490	PATL1	chr11	-	59655955	59656045	59655522	59655740	59656498	59656600	0.496919540229885	0.61878640776699	6.26786236301713e-08	0.31642923326163	0.121866867537105
ATF2_SE_32564	ATF2	chr2	-	175092542	175092616	175080659	175080765	175093060	175093267	0.574494252873563	0.43447572815534	1.19361076322173e-07	-0.403016876905323	-0.140018524718223
SMUG1_SE_182549	SMUG1	chr12	-	54187818	54187905	54183655	54183959	54188950	54188994	0.648747126436782	0.448699029126214	1.15833568716762e-07	-0.531908180823078	-0.200048097310568
UBXN11_SE_20002	UBXN11	chr1	-	26302812	26302918	26297961	26298062	26306591	26306704	0.692505747126437	0.570009708737864	1.74598138052385e-08	-0.280839551871747	-0.122496038388573
TP53_SE_220075	TP53	chr17	-	7673206	7673339	7670608	7670715	7673534	7673608	0.469367816091954	0.346242718446602	2.34060013458767e-07	-0.438935190313692	-0.123125097645352
OGFOD3_SE_58040	OGFOD3	chr17	-	82394330	82394543	82389209	82392534	82398195	82398319	0.77051724137931	0.635407766990291	1.71752252635326e-07	-0.278144514248579	-0.135109474389019
ASL_SE_87997	ASL	chr7	+	66086743	66086821	66086584	66086662	66087333	66087386	0.576057471264368	0.712126213592233	1.41868632736448e-08	0.305920208162582	0.136068742327865
GOSR2_SE_119904	GOSR2	chr17	+	46932066	46932199	46929519	46929584	46935028	46935169	0.733275862068966	0.61495145631068	1.24631499323865e-07	-0.25388351965322	-0.118324405758286
RPAIN_SE_67903	RPAIN	chr17	+	5425970	5426082	5422768	5422829	5432541	5433020	0.68864367816092	0.58721359223301	1.55388894520559e-09	-0.229872326073256	-0.10143008592791
TRAPPC13_SE_245839	TRAPPC13	chr5	+	65655635	65655653	65652500	65652545	65658367	65658501	0.714103448275862	0.564514563106796	6.2094276737757e-09	-0.339122285252193	-0.149588885169066
KMT2E_SE_49499	KMT2E	chr7	+	105038125	105038199	105014189	105014535	105040838	105041023	0.514505747126437	0.394009708737864	8.23141066000585e-08	-0.384956013020119	-0.120496038388573
PQLC1_SE_230178	PQLC1	chr18	-	79933968	79934022	79919183	79919400	79943328	79943462	0.533804597701149	0.36773786407767	1.41064004940404e-08	-0.537634000497583	-0.16606673362348
ZSCAN25_SE_276515	ZSCAN25	chr7	+	99619047	99619132	99618524	99618651	99619560	99619993	0.430114942528736	0.56173786407767	2.37390658969397e-07	0.385174798900331	0.131622921548934
OPTN_SE_73210	OPTN	chr10	+	13108961	13109015	13108137	13108289	13109111	13109288	0.506931034482759	0.39047572815534	5.51333060358723e-09	-0.376556615192235	-0.116455306327419
ZBTB49_SE_95332	ZBTB49	chr4	+	4315635	4315718	4313040	4313114	4320639	4321786	0.471034482758621	0.635339805825243	2.31853703917172e-07	0.431695732596012	0.164305323066622
TMEM106C_SE_154197	TMEM106C	chr12	+	47966088	47966229	47965281	47965345	47966682	47966732	0.645195402298851	0.76452427184466	1.04482975736672e-07	0.244826146683417	0.11932886954581
MLLT10_SE_250506	MLLT10	chr10	+	21688490	21688538	21681331	21681376	21713771	21713950	0.41135632183908	0.277718446601942	2.15990612296829e-08	-0.56676560845642	-0.133637875237139
NCOR2_SE_244884	NCOR2	chr12	-	124374412	124374463	124372021	124372610	124378236	124378384	0.631287356321839	0.446339805825243	4.34642875451411e-08	-0.500154380627684	-0.184947550496596
TSEN15_SE_52987	TSEN15	chr1	+	184072156	184072310	184054727	184054863	184072826	184074210	0.280781609195402	0.41452427184466	4.66974680764194e-09	0.562008134810574	0.133742662649258
PLD3_SE_29124	PLD3	chr19	+	40365717	40365930	40348424	40348768	40366418	40366510	0.626724137931034	0.743718446601942	3.34010136191524e-11	0.246925997260046	0.116994308670907
NDUFA5_SE_172066	NDUFA5	chr7	-	123546657	123546817	123545610	123545676	123557403	123557448	0.38535632183908	0.554747572815534	3.88427845097387e-08	0.525638391396145	0.169391250976454
CDC42BPB_SE_118310	CDC42BPB	chr14	-	102954197	102954275	102952497	102952603	102954601	102954688	0.148436781609195	0.29326213592233	1.81101074359968e-07	0.982342185702558	0.144825354313135
ZNF263_SE_235043	ZNF263	chr16	+	3286022	3286149	3283486	3284205	3288453	3288570	0.616770114942529	0.732116504854369	1.64513684553415e-07	0.24734038663965	0.11534638991184
MIS12_SE_66469	MIS12	chr17	+	5488195	5488589	5486373	5486684	5488822	5490810	0.378379310344828	0.529757281553398	1.4556381942298e-08	0.485498307937106	0.15137797120857
CD47_SE_72723	CD47	chr3	-	108049618	108049651	108043093	108047292	108050577	108050602	0.764793103448276	0.651233009708738	1.99955357523388e-07	-0.231895685012539	-0.113560093739538
IMMP1L_SE_104487	IMMP1L	chr11	-	31460625	31460714	31456259	31456386	31509518	31509628	0.47964367816092	0.673572815533981	2.49134621514934e-07	0.489870872423606	0.193929137373061
PLSCR3_SE_185856	PLSCR3	chr17	-	7393600	7393836	7393466	7393509	7394103	7394267	0.53483908045977	0.637932038834951	8.53733744059121e-08	0.254297850367377	0.103092958375181
PPP2R2D_SE_190253	PPP2R2D	chr10	+	131934893	131935006	131934457	131934555	131940030	131940196	0.282436781609195	0.388631067961165	7.69127470462882e-10	0.460473255180553	0.10619428635197
NBPF12_SE_151488	NBPF12	chr1	+	146987233	146987285	146985704	146985756	146987953	146988126	0.670804597701149	0.54673786407767	2.02518583247498e-07	-0.295043285007248	-0.12406673362348
GPR180_SE_209324	GPR180	chr13	+	94619149	94619330	94612189	94612390	94619467	94619517	0.473632183908046	0.61378640776699	2.61129161473641e-08	0.373969580577028	0.140154223858944
CCDC18_SE_65090	CCDC18	chr1	+	93270346	93270814	93264700	93264901	93278462	93278730	0.39448275862069	0.579135922330097	1.05233641640996e-07	0.553939739548186	0.184653163709407
LINC00963_SE_223578	LINC00963	chr9	+	129502396	129503139	129488659	129489299	129503322	129503672	0.402310344827586	0.517388349514563	2.13396343194902e-07	0.362938732710824	0.115078004686977
ZBTB8OS_SE_272615	ZBTB8OS	chr1	-	32633644	32633727	32627507	32627544	32650432	32650590	0.438827586206897	0.544417475728155	1.28284066977452e-07	0.311059156553639	0.105589889521259
IFI44L_SE_239283	IFI44L	chr1	+	78628950	78628999	78620381	78620571	78635336	78635489	0.59467816091954	0.483873786407767	1.45023222520654e-07	-0.297478310730619	-0.110804374511773
CNST_SE_245751	CNST	chr1	+	246641748	246641770	246634472	246634587	246647138	246648242	0.951275862068966	0.849184466019417	1.79941282108439e-08	-0.163785790772565	-0.102091396049548
